107 0.905281
1684 0.650631
3437 0.647343
567 0.605516
1912 0.542966
428 0.203741
563 0.200315
698 0.193484
136 0.148757
58 0.134815
414 0.120604
348 0.113324
1718 0.111536
171 0.109108
119 0.107887
1577 0.095785
23 0.076679
483 0.075021
31 0.067802
686 0.067152
484 0.045738
594 0.045261
376 0.042566
4031 0.037074
651 0.034082
353 0.033026
566 0.032819
51 0.025855
83 0.025855
237 0.025855
21 0.024072
339 0.023260
227 0.022693
304 0.019497
67 0.018948
4023 0.018717
122 0.018495
116 0.017525
173 0.015952
2543 0.015934
19 0.014293
1666 0.014220
713 0.013780
144 0.013549
56 0.013465
84 0.013389
1534 0.012944
828 0.012675
322 0.010948
163 0.010270
719 0.009825
152 0.008644
308 0.008593
7 0.008064
61 0.007411
329 0.007397
526 0.007158
4014 0.006989
277 0.006703
747 0.006633
249 0.006633
213 0.006550
193 0.006178
99 0.006103
41 0.005988
3861 0.005702
703 0.005641
2347 0.005552
4038 0.005478
324 0.005422
697 0.005248
82 0.005114
823 0.005092
252 0.004844
637 0.004740
4002 0.004685
3989 0.004562
1361 0.004505
269 0.004500
596 0.004183
1663 0.004124
312 0.004115
202 0.004042
1 0.004034
517 0.004002
313 0.003994
1642 0.003969
1536 0.003891
389 0.003889
1352 0.003858
3454 0.003853
109 0.003660
606 0.003634
1173 0.003596
1656 0.003551
2468 0.003422
1126 0.003401
1086 0.003322
2007 0.003285
3998 0.003248
363 0.003227
169 0.003199
1621 0.003199
53 0.003106
89 0.003089
319 0.003089
4 0.003088
181 0.003088
774 0.002983
3982 0.002963
1941 0.002842
2189 0.002750
366 0.002733
1376 0.002682
88 0.002661
412 0.002646
48 0.002567
239 0.002533
916 0.002495
4027 0.002474
4017 0.002474
538 0.002469
1758 0.002419
819 0.002413
1549 0.002378
332 0.002377
1029 0.002367
146 0.002344
1726 0.002340
199 0.002322
1419 0.002302
2047 0.002258
1522 0.002245
2133 0.002151
803 0.002134
373 0.002075
419 0.002040
1171 0.001998
1688 0.001912
2289 0.001851
4004 0.001844
1334 0.001834
271 0.001814
553 0.001814
1813 0.001812
1238 0.001766
26 0.001764
1509 0.001757
1604 0.001748
2268 0.001746
1598 0.001741
203 0.001724
143 0.001649
1289 0.001634
497 0.001580
1617 0.001578
3 0.001557
243 0.001528
137 0.001517
1338 0.001504
9 0.001477
609 0.001451
1954 0.001436
2117 0.001398
917 0.001395
1687 0.001389
391 0.001365
513 0.001312
3173 0.001311
798 0.001301
214 0.001291
921 0.001279
2199 0.001275
772 0.001266
2038 0.001263
133 0.001246
29 0.001244
132 0.001244
111 0.001241
3986 0.001239
3996 0.001238
81 0.001237
219 0.001237
124 0.001237
301 0.001237
3999 0.001237
2143 0.001210
1128 0.001202
559 0.001190
3487 0.001172
118 0.001171
1074 0.001156
343 0.001155
708 0.001136
242 0.001134
323 0.001107
953 0.001106
561 0.001104
857 0.001099
641 0.001098
2283 0.001094
188 0.001075
1926 0.001071
17 0.001056
326 0.001051
1783 0.001046
248 0.000955
261 0.000948
804 0.000936
374 0.000932
1523 0.000927
1369 0.000923
2081 0.000915
231 0.000914
1217 0.000898
2512 0.000893
2642 0.000891
284 0.000889
3101 0.000877
862 0.000877
217 0.000875
1312 0.000875
542 0.000875
422 0.000871
156 0.000868
492 0.000861
856 0.000858
1136 0.000852
3723 0.000837
8 0.000824
91 0.000824
259 0.000824
604 0.000823
1028 0.000822
2384 0.000821
1109 0.000819
1277 0.000811
896 0.000810
2111 0.000807
531 0.000806
601 0.000769
503 0.000761
1909 0.000758
2328 0.000755
3263 0.000748
2176 0.000747
1226 0.000744
456 0.000743
98 0.000725
1104 0.000719
2054 0.000717
1327 0.000710
423 0.000705
103 0.000702
1782 0.000695
1702 0.000678
1863 0.000676
649 0.000670
1574 0.000670
1204 0.000661
204 0.000658
1182 0.000654
184 0.000651
178 0.000634
402 0.000634
1911 0.000629
121 0.000628
331 0.000624
504 0.000621
3993 0.000614
1584 0.000611
461 0.000611
1192 0.000610
197 0.000606
2498 0.000590
2128 0.000590
2419 0.000587
1618 0.000587
281 0.000578
2072 0.000573
1237 0.000573
251 0.000572
1611 0.000569
431 0.000568
1358 0.000563
113 0.000555
2336 0.000551
1709 0.000547
1513 0.000547
387 0.000545
2292 0.000544
1899 0.000544
968 0.000543
342 0.000542
39 0.000537
2247 0.000536
2472 0.000527
1473 0.000525
1197 0.000524
524 0.000521
38 0.000519
2031 0.000518
2174 0.000516
3961 0.000502
1694 0.000499
2333 0.000499
2302 0.000495
591 0.000494
2869 0.000492
1626 0.000490
2511 0.000487
2032 0.000486
436 0.000476
1408 0.000470
1846 0.000466
291 0.000460
2598 0.000445
463 0.000435
2068 0.000435
2132 0.000432
1077 0.000423
2509 0.000423
951 0.000420
2327 0.000417
2417 0.000415
2398 0.000413
177 0.000413
278 0.000412
1148 0.000411
2451 0.000402
438 0.000399
1158 0.000398
2071 0.000398
1114 0.000396
2491 0.000393
2102 0.000390
2026 0.000390
2282 0.000388
198 0.000386
3997 0.000383
962 0.000380
439 0.000378
1487 0.000377
546 0.000376
1786 0.000374
1014 0.000368
1458 0.000364
2617 0.000360
417 0.000358
236 0.000357
87 0.000349
2087 0.000349
272 0.000348
3111 0.000348
2471 0.000346
2629 0.000345
337 0.000336
93 0.000335
3258 0.000334
506 0.000333
397 0.000333
452 0.000331
378 0.000327
127 0.000324
1881 0.000323
432 0.000323
172 0.000322
1794 0.000322
2344 0.000320
1888 0.000320
1284 0.000319
683 0.000316
1357 0.000315
1343 0.000314
1692 0.000314
2127 0.000308
2153 0.000306
2223 0.000306
299 0.000299
1373 0.000298
1428 0.000295
2062 0.000289
1529 0.000288
2461 0.000286
13 0.000285
2233 0.000285
1431 0.000285
1947 0.000284
388 0.000284
2594 0.000280
1852 0.000280
549 0.000280
1011 0.000278
2203 0.000276
2138 0.000276
2319 0.000275
2368 0.000274
226 0.000272
149 0.000272
2313 0.000269
1808 0.000268
427 0.000268
2294 0.000266
544 0.000265
2394 0.000264
434 0.000264
2116 0.000261
54 0.000260
913 0.000260
1768 0.000259
346 0.000257
2187 0.000250
1769 0.000248
2266 0.000246
196 0.000246
1893 0.000240
1374 0.000237
3248 0.000236
2389 0.000234
2042 0.000233
416 0.000232
2951 0.000231
2529 0.000231
1964 0.000229
1273 0.000229
1897 0.000228
1661 0.000227
128 0.000224
507 0.000223
2142 0.000222
2399 0.000221
57 0.000221
3994 0.000221
2458 0.000221
1972 0.000217
404 0.000217
2279 0.000213
1001 0.000212
2649 0.000210
1032 0.000210
392 0.000207
4009 0.000207
514 0.000205
3981 0.000205
2264 0.000204
472 0.000204
1939 0.000202
556 0.000202
527 0.000201
2508 0.000199
318 0.000198
1827 0.000198
1729 0.000198
2183 0.000198
2547 0.000196
1844 0.000196
1349 0.000196
3291 0.000194
1973 0.000194
1761 0.000193
1682 0.000192
1472 0.000189
2863 0.000189
1169 0.000189
1836 0.000186
2364 0.000186
1377 0.000185
1871 0.000185
2003 0.000184
1196 0.000183
634 0.000182
2616 0.000179
1199 0.000177
1392 0.000173
3154 0.000173
2533 0.000171
408 0.000170
246 0.000169
369 0.000169
2224 0.000168
3397 0.000167
1166 0.000166
1959 0.000166
1742 0.000166
2284 0.000164
302 0.000164
92 0.000163
194 0.000161
1543 0.000159
2171 0.000158
508 0.000158
1446 0.000158
1951 0.000157
1916 0.000156
457 0.000155
2267 0.000154
516 0.000152
2101 0.000152
1828 0.000152
554 0.000151
1744 0.000150
444 0.000149
537 0.000148
1591 0.000147
1948 0.000147
1471 0.000146
1179 0.000144
1427 0.000144
469 0.000144
159 0.000144
1012 0.000142
1746 0.000142
2254 0.000142
2459 0.000140
3604 0.000140
3186 0.000140
1399 0.000139
224 0.000139
2608 0.000138
2039 0.000138
166 0.000137
3214 0.000137
1282 0.000137
2 0.000136
162 0.000136
1066 0.000135
2463 0.000134
2643 0.000134
1122 0.000134
1429 0.000134
142 0.000133
1706 0.000131
1146 0.000131
2839 0.000130
1261 0.000130
1559 0.000130
1817 0.000129
1894 0.000129
1589 0.000129
2246 0.000128
2597 0.000128
1078 0.000127
2589 0.000127
2149 0.000126
1313 0.000125
646 0.000125
471 0.000124
451 0.000124
2144 0.000124
2754 0.000124
3256 0.000123
2018 0.000122
2716 0.000122
211 0.000122
2526 0.000122
2592 0.000122
479 0.000121
3302 0.000121
1512 0.000121
2343 0.000121
1367 0.000121
2538 0.000120
1223 0.000120
3198 0.000119
357 0.000119
946 0.000118
3002 0.000118
161 0.000117
2324 0.000117
2001 0.000117
2742 0.000117
3596 0.000115
3289 0.000115
2024 0.000114
1049 0.000114
1804 0.000113
1697 0.000112
3363 0.000112
473 0.000112
3051 0.000112
2137 0.000112
334 0.000111
954 0.000111
942 0.000111
1998 0.000111
148 0.000110
2278 0.000110
1976 0.000109
3082 0.000108
1013 0.000108
2738 0.000108
512 0.000108
993 0.000107
1613 0.000107
3201 0.000106
1303 0.000105
3426 0.000105
2004 0.000105
2241 0.000104
2611 0.000104
2764 0.000104
1833 0.000104
1824 0.000103
2946 0.000103
1124 0.000103
297 0.000103
2724 0.000102
158 0.000102
3938 0.000102
2229 0.000102
1193 0.000102
3076 0.000101
1991 0.000101
482 0.000101
1211 0.000101
1612 0.000100
108 0.000100
2447 0.000098
2778 0.000098
3116 0.000098
1222 0.000098
1732 0.000097
523 0.000097
3027 0.000096
2904 0.000096
1557 0.000096
2693 0.000095
558 0.000095
2979 0.000095
3521 0.000095
3038 0.000094
1391 0.000094
1932 0.000094
1622 0.000094
2647 0.000094
1469 0.000093
2052 0.000093
496 0.000093
2901 0.000093
3342 0.000093
3136 0.000092
1778 0.000092
1791 0.000092
2502 0.000092
518 0.000091
2378 0.000091
2707 0.000090
3117 0.000090
2653 0.000089
2436 0.000089
2194 0.000089
2944 0.000088
1882 0.000088
2009 0.000088
1329 0.000087
317 0.000087
3077 0.000087
1714 0.000087
933 0.000086
2053 0.000086
3019 0.000086
3152 0.000084
1683 0.000084
1447 0.000084
3327 0.000083
3434 0.000083
1017 0.000083
2588 0.000083
3097 0.000083
3034 0.000083
1214 0.000081
2027 0.000081
1366 0.000081
1322 0.000081
3684 0.000081
1707 0.000080
3179 0.000080
2494 0.000080
1551 0.000080
1052 0.000080
1861 0.000079
776 0.000079
678 0.000078
2748 0.000078
3274 0.000078
1554 0.000078
1767 0.000077
2719 0.000077
3324 0.000077
1839 0.000077
1492 0.000077
2169 0.000077
1703 0.000076
2542 0.000076
1221 0.000076
1467 0.000076
2583 0.000075
2037 0.000075
1983 0.000074
367 0.000074
1409 0.000073
1831 0.000073
2002 0.000073
3026 0.000072
1059 0.000072
421 0.000072
1573 0.000072
2624 0.000072
534 0.000071
2636 0.000071
407 0.000071
511 0.000070
186 0.000070
1184 0.000070
3072 0.000070
3353 0.000070
1459 0.000069
493 0.000068
3406 0.000067
2883 0.000067
1006 0.000066
2793 0.000066
541 0.000066
2377 0.000066
3396 0.000066
639 0.000066
106 0.000066
3366 0.000066
2786 0.000066
1677 0.000065
1454 0.000065
3017 0.000064
1864 0.000064
2332 0.000064
2148 0.000063
669 0.000063
3107 0.000063
2659 0.000063
2781 0.000062
3756 0.000062
1018 0.000062
2813 0.000061
1876 0.000061
2134 0.000061
2084 0.000061
1102 0.000060
2966 0.000060
2501 0.000060
459 0.000060
3104 0.000060
1799 0.000060
276 0.000060
3584 0.000059
2694 0.000059
34 0.000059
1674 0.000059
1331 0.000058
1867 0.000058
978 0.000058
1332 0.000058
2478 0.000058
557 0.000058
3253 0.000057
3087 0.000057
1488 0.000057
1256 0.000057
1583 0.000057
2372 0.000057
1966 0.000057
3232 0.000057
1736 0.000057
2877 0.000056
2571 0.000056
3633 0.000056
3321 0.000056
2683 0.000055
3677 0.000055
2413 0.000055
1189 0.000055
3299 0.000055
2992 0.000055
3793 0.000055
1717 0.000055
3411 0.000054
2567 0.000054
2968 0.000054
464 0.000054
1387 0.000054
1191 0.000054
3162 0.000054
1569 0.000054
1099 0.000054
433 0.000054
2126 0.000053
2661 0.000052
1993 0.000052
1371 0.000052
1396 0.000052
1107 0.000052
2894 0.000052
729 0.000052
2787 0.000051
2758 0.000051
3918 0.000051
2351 0.000050
1699 0.000050
2602 0.000050
3084 0.000050
338 0.000050
1309 0.000050
1757 0.000049
967 0.000049
947 0.000049
3838 0.000049
1076 0.000049
2151 0.000049
1159 0.000048
2131 0.000048
3948 0.000048
1003 0.000048
1041 0.000048
2309 0.000048
2729 0.000048
1886 0.000048
1673 0.000048
3011 0.000047
984 0.000047
3877 0.000047
1671 0.000047
344 0.000047
3233 0.000046
2157 0.000046
1416 0.000046
3456 0.000046
1502 0.000046
1807 0.000045
3361 0.000045
2679 0.000045
2958 0.000045
1101 0.000045
3593 0.000045
2881 0.000045
2196 0.000045
1117 0.000044
824 0.000044
3113 0.000044
2069 0.000044
1132 0.000044
2782 0.000044
1812 0.000044
2604 0.000044
2232 0.000044
3089 0.000044
1662 0.000044
1397 0.000043
2772 0.000043
2428 0.000043
1628 0.000043
126 0.000043
3758 0.000043
543 0.000042
2376 0.000042
1456 0.000042
2582 0.000042
2093 0.000042
1516 0.000042
1751 0.000042
2956 0.000041
3506 0.000041
1823 0.000041
2298 0.000041
2913 0.000041
1449 0.000041
1437 0.000041
1172 0.000041
2239 0.000040
394 0.000040
2218 0.000040
3417 0.000040
1514 0.000040
982 0.000040
1793 0.000040
2322 0.000040
2544 0.000040
897 0.000040
2334 0.000039
3049 0.000039
1563 0.000039
1638 0.000039
77 0.000039
1879 0.000039
3347 0.000039
1406 0.000039
1519 0.000039
2056 0.000039
3351 0.000038
2507 0.000038
1913 0.000038
3331 0.000038
3906 0.000038
3387 0.000038
3172 0.000038
72 0.000038
1637 0.000038
1024 0.000037
2516 0.000037
2669 0.000037
3442 0.000037
1283 0.000037
2078 0.000037
1269 0.000037
1243 0.000037
3277 0.000037
1048 0.000036
2429 0.000036
3178 0.000036
2986 0.000036
3611 0.000036
3054 0.000036
2841 0.000036
2928 0.000036
1603 0.000035
1227 0.000035
1436 0.000035
1582 0.000035
2833 0.000035
1324 0.000035
904 0.000035
2211 0.000035
1616 0.000035
3344 0.000035
3078 0.000035
2668 0.000035
1153 0.000035
1816 0.000035
1609 0.000035
2337 0.000034
3672 0.000034
2206 0.000034
2999 0.000034
1294 0.000034
1553 0.000034
1339 0.000034
1067 0.000034
1491 0.000034
688 0.000034
2921 0.000034
3369 0.000034
481 0.000034
1902 0.000034
3119 0.000034
3252 0.000034
1669 0.000033
2964 0.000033
1113 0.000033
3182 0.000033
2226 0.000033
2909 0.000033
2927 0.000033
614 0.000033
2103 0.000033
1597 0.000032
1341 0.000032
2361 0.000032
1098 0.000032
2123 0.000032
1593 0.000032
1741 0.000032
2273 0.000032
1242 0.000032
1259 0.000032
1689 0.000032
3403 0.000032
2088 0.000032
1608 0.000032
1149 0.000032
1528 0.000031
1644 0.000031
3118 0.000031
781 0.000031
2184 0.000031
3137 0.000031
2914 0.000031
1344 0.000031
724 0.000031
2873 0.000031
2718 0.000031
1724 0.000031
3319 0.000031
1872 0.000031
3362 0.000031
906 0.000031
2259 0.000031
3204 0.000031
1393 0.000031
3196 0.000030
1347 0.000030
2339 0.000030
2331 0.000030
2553 0.000030
3188 0.000030
2551 0.000030
941 0.000030
1464 0.000030
579 0.000030
653 0.000030
3001 0.000030
2711 0.000030
2973 0.000030
2462 0.000030
1727 0.000030
229 0.000030
1479 0.000029
1281 0.000029
2996 0.000029
1108 0.000029
2499 0.000029
1318 0.000029
1858 0.000029
1496 0.000029
1231 0.000029
592 0.000029
927 0.000029
2662 0.000029
2936 0.000029
694 0.000029
1842 0.000029
1337 0.000029
2369 0.000029
3851 0.000029
2607 0.000029
2777 0.000029
3177 0.000029
1721 0.000028
3829 0.000028
1156 0.000028
3224 0.000028
16 0.000028
948 0.000028
2943 0.000028
1317 0.000028
1868 0.000028
368 0.000028
2836 0.000028
2404 0.000028
2338 0.000028
1548 0.000028
2796 0.000028
1787 0.000028
3568 0.000028
1596 0.000027
1004 0.000027
1806 0.000027
3577 0.000027
2822 0.000027
3222 0.000027
1504 0.000027
2172 0.000027
1576 0.000027
2564 0.000027
3529 0.000027
2989 0.000027
3114 0.000027
1129 0.000026
1019 0.000026
208 0.000026
2812 0.000026
3378 0.000026
1668 0.000026
3296 0.000026
1943 0.000026
1246 0.000026
141 0.000026
1923 0.000026
1258 0.000026
2028 0.000026
2828 0.000026
618 0.000026
1272 0.000026
2198 0.000026
1483 0.000026
1526 0.000026
1752 0.000026
2244 0.000026
629 0.000026
2751 0.000026
3261 0.000025
827 0.000025
1508 0.000025
1453 0.000025
3046 0.000025
1712 0.000025
3617 0.000025
1722 0.000025
3797 0.000025
976 0.000025
2757 0.000025
1984 0.000025
3168 0.000025
3824 0.000025
1051 0.000025
1047 0.000025
1083 0.000025
2916 0.000025
2867 0.000024
2073 0.000024
79 0.000024
3052 0.000024
3298 0.000024
1079 0.000024
2871 0.000024
2188 0.000024
1482 0.000024
2191 0.000024
3287 0.000024
3346 0.000024
1382 0.000024
1619 0.000024
1497 0.000024
2434 0.000024
1789 0.000024
3586 0.000024
2464 0.000024
3288 0.000024
2107 0.000024
1507 0.000024
2919 0.000024
1123 0.000023
1311 0.000023
1809 0.000023
2706 0.000023
3968 0.000023
2937 0.000023
3341 0.000023
728 0.000023
584 0.000023
1754 0.000023
3332 0.000023
2409 0.000023
3558 0.000023
2906 0.000023
2387 0.000023
3348 0.000023
3267 0.000023
2063 0.000023
1064 0.000023
3191 0.000023
2414 0.000023
3184 0.000022
1819 0.000022
1639 0.000022
2938 0.000022
966 0.000022
539 0.000022
3056 0.000022
3419 0.000022
3146 0.000022
2734 0.000022
2741 0.000022
829 0.000022
2664 0.000022
2646 0.000022
3738 0.000022
2231 0.000022
1423 0.000022
1229 0.000022
2849 0.000022
1847 0.000022
1444 0.000022
1898 0.000022
1917 0.000022
3226 0.000022
3279 0.000021
2317 0.000021
3842 0.000021
1291 0.000021
1946 0.000021
2763 0.000021
3272 0.000021
1938 0.000021
1026 0.000021
3902 0.000021
1209 0.000021
2677 0.000021
2391 0.000021
2433 0.000021
2931 0.000021
1571 0.000021
2561 0.000021
1054 0.000021
1021 0.000021
2601 0.000021
1183 0.000021
3073 0.000021
168 0.000020
1267 0.000020
1654 0.000020
2506 0.000020
1448 0.000020
1359 0.000020
1106 0.000020
3221 0.000020
2806 0.000020
3106 0.000020
2537 0.000020
1971 0.000020
3057 0.000020
957 0.000020
2118 0.000020
3132 0.000020
2371 0.000020
2674 0.000020
2784 0.000020
1716 0.000020
2411 0.000019
1236 0.000019
2412 0.000019
1547 0.000019
2866 0.000019
2049 0.000019
2058 0.000019
3081 0.000019
1848 0.000019
3782 0.000019
2222 0.000019
3869 0.000019
2397 0.000019
2242 0.000019
1037 0.000019
2768 0.000019
3313 0.000019
3422 0.000019
2932 0.000019
2939 0.000019
2064 0.000019
3468 0.000019
2173 0.000019
3303 0.000018
3674 0.000018
3386 0.000018
2029 0.000018
3062 0.000018
2326 0.000018
1979 0.000018
2728 0.000018
2676 0.000018
3821 0.000018
3098 0.000018
2988 0.000018
677 0.000018
2396 0.000018
644 0.000018
3339 0.000018
1348 0.000018
3966 0.000018
1412 0.000018
2783 0.000018
3304 0.000018
1986 0.000018
3086 0.000018
2129 0.000017
1851 0.000017
2864 0.000017
303 0.000017
1843 0.000017
2161 0.000017
849 0.000017
2121 0.000017
3464 0.000017
2163 0.000017
991 0.000017
1774 0.000017
2994 0.000017
3526 0.000017
2827 0.000017
3737 0.000017
1561 0.000017
2438 0.000017
2603 0.000017
654 0.000017
2392 0.000017
1302 0.000017
2043 0.000017
3553 0.000017
3448 0.000017
1142 0.000017
3971 0.000017
997 0.000017
547 0.000017
3794 0.000017
3124 0.000017
994 0.000017
62 0.000017
1849 0.000017
934 0.000017
1462 0.000016
3096 0.000016
1623 0.000016
3149 0.000016
2482 0.000016
3764 0.000016
3211 0.000016
2381 0.000016
1837 0.000016
3036 0.000016
2201 0.000016
3033 0.000016
753 0.000016
3501 0.000016
1511 0.000016
1531 0.000016
924 0.000016
784 0.000016
2488 0.000016
3018 0.000016
2862 0.000016
2518 0.000016
1962 0.000016
3924 0.000016
2304 0.000016
2367 0.000016
2832 0.000016
3873 0.000016
3804 0.000016
3394 0.000016
1056 0.000016
2059 0.000016
963 0.000015
4021 0.000015
3734 0.000015
2092 0.000015
3022 0.000015
3016 0.000015
232 0.000015
2323 0.000015
2896 0.000015
1866 0.000015
3559 0.000015
2666 0.000015
1161 0.000015
2969 0.000015
494 0.000015
1907 0.000015
1163 0.000015
2739 0.000015
1859 0.000015
2214 0.000015
999 0.000015
3293 0.000015
487 0.000015
2581 0.000015
3148 0.000015
1632 0.000015
2271 0.000015
3947 0.000014
2623 0.000014
238 0.000014
908 0.000014
2492 0.000014
3158 0.000014
1636 0.000014
1407 0.000014
3431 0.000014
589 0.000014
3187 0.000014
2033 0.000014
2139 0.000014
3576 0.000014
3511 0.000014
1919 0.000014
2702 0.000014
2329 0.000014
2354 0.000014
1643 0.000014
1826 0.000014
2993 0.000014
1753 0.000014
3219 0.000014
1533 0.000014
2586 0.000014
2112 0.000014
2341 0.000014
2124 0.000014
2759 0.000014
2713 0.000014
2443 0.000014
2593 0.000014
3212 0.000014
3412 0.000014
1298 0.000014
1207 0.000014
3259 0.000014
1538 0.000014
1062 0.000014
1274 0.000014
2257 0.000013
616 0.000013
548 0.000013
2342 0.000013
3433 0.000013
3079 0.000013
3257 0.000013
2243 0.000013
1068 0.000013
1878 0.000013
2558 0.000013
1918 0.000013
1567 0.000013
2228 0.000013
462 0.000013
3174 0.000013
3926 0.000013
59 0.000013
2473 0.000013
2573 0.000013
2104 0.000013
3231 0.000013
3779 0.000013
1818 0.000013
3962 0.000013
1857 0.000013
1678 0.000013
359 0.000013
3466 0.000013
2644 0.000013
2406 0.000013
3203 0.000013
104 0.000013
2154 0.000013
2156 0.000012
1247 0.000012
1271 0.000012
3891 0.000012
2546 0.000012
2743 0.000012
3278 0.000012
409 0.000012
964 0.000012
1624 0.000012
2848 0.000012
3731 0.000012
1278 0.000012
3831 0.000012
3542 0.000012
1288 0.000012
2253 0.000012
3449 0.000012
2296 0.000012
2689 0.000012
1404 0.000012
782 0.000012
3927 0.000012
2536 0.000012
2819 0.000012
3508 0.000012
2667 0.000012
1426 0.000012
2976 0.000012
3722 0.000012
1009 0.000012
446 0.000012
1314 0.000012
2352 0.000011
2423 0.000011
2276 0.000011
1304 0.000011
2619 0.000011
3956 0.000011
1614 0.000011
2631 0.000011
842 0.000011
932 0.000011
2872 0.000011
3381 0.000011
96 0.000011
853 0.000011
3612 0.000011
2504 0.000011
27 0.000011
1121 0.000011
1647 0.000011
1891 0.000011
1686 0.000011
1743 0.000011
101 0.000011
2984 0.000011
2449 0.000011
3629 0.000011
2773 0.000011
3273 0.000011
1994 0.000011
2299 0.000011
1131 0.000011
3469 0.000010
449 0.000010
3803 0.000010
1422 0.000010
3041 0.000010
3628 0.000010
739 0.000010
2287 0.000010
2868 0.000010
848 0.000010
3488 0.000010
2293 0.000010
1658 0.000010
1803 0.000010
3129 0.000010
1388 0.000010
973 0.000010
3951 0.000010
1659 0.000010
2892 0.000010
1177 0.000010
773 0.000010
1652 0.000010
3836 0.000010
3377 0.000010
1296 0.000010
3176 0.000010
2448 0.000010
2023 0.000010
3719 0.000010
396 0.000010
2974 0.000010
3329 0.000010
3721 0.000010
3702 0.000010
1424 0.000010
1738 0.000010
3223 0.000010
2356 0.000010
1862 0.000010
2991 0.000010
3004 0.000010
2698 0.000010
1901 0.000010
2844 0.000010
1779 0.000010
3171 0.000010
3301 0.000010
2497 0.000010
1566 0.000010
2446 0.000010
3384 0.000010
1921 0.000010
2803 0.000010
2091 0.000009
3306 0.000009
1178 0.000009
1796 0.000009
1942 0.000009
1681 0.000009
2911 0.000009
1537 0.000009
1307 0.000009
2887 0.000009
1988 0.000009
2578 0.000009
787 0.000009
3297 0.000009
833 0.000009
3496 0.000009
1441 0.000009
3207 0.000009
2083 0.000009
2962 0.000009
2366 0.000009
1451 0.000009
398 0.000009
1883 0.000009
569 0.000009
1268 0.000009
372 0.000009
766 0.000009
3206 0.000009
3931 0.000009
1763 0.000009
1889 0.000009
2638 0.000009
2474 0.000009
2858 0.000009
3833 0.000009
2374 0.000009
3393 0.000009
2854 0.000009
3364 0.000009
3933 0.000009
2618 0.000009
834 0.000009
22 0.000009
2818 0.000009
1734 0.000009
1306 0.000009
3791 0.000009
2912 0.000009
687 0.000009
2074 0.000009
283 0.000009
2363 0.000009
2401 0.000009
617 0.000008
2559 0.000008
2236 0.000008
1908 0.000008
1982 0.000008
2386 0.000008
1667 0.000008
1811 0.000008
3276 0.000008
2756 0.000008
3007 0.000008
944 0.000008
1323 0.000008
2949 0.000008
1539 0.000008
3747 0.000008
1679 0.000008
3514 0.000008
3823 0.000008
2006 0.000008
2826 0.000008
2318 0.000008
1641 0.000008
3416 0.000008
679 0.000008
1781 0.000008
1634 0.000008
1936 0.000008
3208 0.000008
2288 0.000008
2929 0.000008
3247 0.000008
1594 0.000008
2712 0.000008
3884 0.000008
2308 0.000008
3284 0.000008
797 0.000008
1413 0.000008
3142 0.000008
2897 0.000008
223 0.000008
2672 0.000008
3826 0.000008
922 0.000008
2549 0.000008
2408 0.000008
3014 0.000008
1181 0.000008
3166 0.000008
3534 0.000008
3651 0.000008
727 0.000008
3157 0.000008
676 0.000008
1929 0.000008
726 0.000008
636 0.000008
3909 0.000008
3711 0.000008
2489 0.000008
1092 0.000008
2108 0.000008
2521 0.000008
458 0.000008
2379 0.000007
2207 0.000007
734 0.000007
3443 0.000007
3199 0.000007
1402 0.000007
573 0.000007
2576 0.000007
2681 0.000007
3438 0.000007
2147 0.000007
3328 0.000007
619 0.000007
2393 0.000007
959 0.000007
3546 0.000007
489 0.000007
2484 0.000007
1904 0.000007
3499 0.000007
718 0.000007
2637 0.000007
3648 0.000007
1737 0.000007
1432 0.000007
2556 0.000007
2216 0.000007
3294 0.000007
3264 0.000007
1927 0.000007
752 0.000007
2221 0.000007
2853 0.000007
2348 0.000007
1588 0.000007
3592 0.000007
2749 0.000007
2978 0.000007
1082 0.000007
3373 0.000007
2202 0.000007
1653 0.000007
1527 0.000007
2663 0.000007
2737 0.000007
3822 0.000007
2686 0.000007
1138 0.000007
2146 0.000007
919 0.000007
2856 0.000007
212 0.000007
2753 0.000007
936 0.000007
3379 0.000007
1398 0.000007
3064 0.000007
3692 0.000007
1219 0.000007
3693 0.000007
977 0.000007
1292 0.000007
983 0.000007
3601 0.000007
2843 0.000007
3029 0.000007
3337 0.000007
2874 0.000007
3213 0.000007
3886 0.000007
2519 0.000007
3307 0.000007
1766 0.000007
768 0.000007
3828 0.000007
2022 0.000007
3237 0.000007
2086 0.000006
3316 0.000006
769 0.000006
2432 0.000006
3234 0.000006
1541 0.000006
1542 0.000006
2807 0.000006
2648 0.000006
2476 0.000006
3043 0.000006
3326 0.000006
3421 0.000006
3573 0.000006
818 0.000006
3042 0.000006
1384 0.000006
3404 0.000006
3138 0.000006
3391 0.000006
2762 0.000006
1772 0.000006
2061 0.000006
3714 0.000006
3009 0.000006
2539 0.000006
2067 0.000006
2152 0.000006
2612 0.000006
3554 0.000006
2237 0.000006
2654 0.000006
666 0.000006
1356 0.000006
134 0.000006
3662 0.000006
961 0.000006
952 0.000006
1212 0.000006
1997 0.000006
354 0.000006
257 0.000006
1418 0.000006
3409 0.000006
2673 0.000006
771 0.000006
3642 0.000006
1578 0.000006
949 0.000006
2628 0.000006
3988 0.000006
474 0.000006
1036 0.000006
3921 0.000006
1646 0.000006
1733 0.000006
754 0.000006
2122 0.000006
3852 0.000006
764 0.000006
314 0.000006
822 0.000006
1351 0.000006
2823 0.000006
2696 0.000006
2416 0.000006
1672 0.000006
2622 0.000006
3564 0.000006
3069 0.000006
663 0.000006
3486 0.000006
2212 0.000006
2467 0.000006
2531 0.000006
3528 0.000006
3343 0.000005
1518 0.000005
1877 0.000005
2809 0.000005
971 0.000005
3383 0.000005
2744 0.000005
2359 0.000005
1691 0.000005
1832 0.000005
3144 0.000005
1198 0.000005
1241 0.000005
3561 0.000005
3463 0.000005
736 0.000005
3236 0.000005
2277 0.000005
2657 0.000005
1143 0.000005
1649 0.000005
3103 0.000005
3881 0.000005
597 0.000005
2924 0.000005
2831 0.000005
3286 0.000005
3139 0.000005
2307 0.000005
2562 0.000005
73 0.000005
1452 0.000005
3964 0.000005
361 0.000005
2626 0.000005
3108 0.000005
3242 0.000005
2829 0.000005
3809 0.000005
3728 0.000005
1072 0.000005
3536 0.000005
2957 0.000005
3374 0.000005
1987 0.000005
2109 0.000005
3471 0.000005
1421 0.000005
2164 0.000005
129 0.000005
3164 0.000005
2789 0.000005
2731 0.000005
2614 0.000005
1944 0.000005
3858 0.000005
1188 0.000005
1968 0.000005
3799 0.000005
2099 0.000005
1257 0.000005
532 0.000005
1299 0.000005
3024 0.000005
2697 0.000005
3123 0.000005
2159 0.000005
2574 0.000005
3841 0.000005
3621 0.000005
3432 0.000005
1903 0.000005
3239 0.000005
418 0.000005
1088 0.000005
3707 0.000005
2534 0.000004
2234 0.000004
1321 0.000004
1167 0.000004
2847 0.000004
2261 0.000004
3599 0.000004
3768 0.000004
2923 0.000004
1434 0.000004
3547 0.000004
2563 0.000004
1477 0.000004
2179 0.000004
1503 0.000004
1097 0.000004
437 0.000004
814 0.000004
2859 0.000004
3847 0.000004
1112 0.000004
1216 0.000004
289 0.000004
2851 0.000004
3474 0.000004
2181 0.000004
2566 0.000004
1931 0.000004
2357 0.000004
3538 0.000004
682 0.000004
1457 0.000004
2297 0.000004
2272 0.000004
3023 0.000004
712 0.000004
742 0.000004
1187 0.000004
1747 0.000004
1127 0.000004
2934 0.000004
1952 0.000004
4026 0.000004
3169 0.000004
2656 0.000004
1481 0.000004
3896 0.000004
1053 0.000004
3021 0.000004
3067 0.000004
2427 0.000004
738 0.000004
3967 0.000004
2552 0.000004
1587 0.000004
274 0.000004
3228 0.000004
3238 0.000004
839 0.000004
3609 0.000004
2761 0.000004
3459 0.000004
3193 0.000004
1749 0.000004
2733 0.000004
3563 0.000004
3483 0.000004
1501 0.000004
1266 0.000004
696 0.000004
1562 0.000004
3048 0.000004
2249 0.000004
3093 0.000004
3949 0.000004
3903 0.000004
806 0.000004
3557 0.000004
1981 0.000004
3624 0.000004
1007 0.000004
2876 0.000004
1201 0.000004
3784 0.000004
2557 0.000004
989 0.000004
413 0.000004
1564 0.000004
1023 0.000004
2918 0.000004
777 0.000004
2577 0.000004
3532 0.000004
1202 0.000004
3706 0.000004
1989 0.000004
3752 0.000004
1599 0.000004
903 0.000004
3189 0.000004
1841 0.000004
2209 0.000004
3697 0.000004
2889 0.000004
2953 0.000004
3249 0.000004
789 0.000004
1723 0.000003
294 0.000003
2523 0.000003
574 0.000003
811 0.000003
3626 0.000003
1829 0.000003
3718 0.000003
3698 0.000003
1696 0.000003
1308 0.000003
2418 0.000003
3047 0.000003
2907 0.000003
3151 0.000003
763 0.000003
2098 0.000003
1379 0.000003
2627 0.000003
1896 0.000003
2192 0.000003
2048 0.000003
2954 0.000003
1999 0.000003
1698 0.000003
4013 0.000003
2213 0.000003
1798 0.000003
1499 0.000003
3907 0.000003
2077 0.000003
3309 0.000003
2882 0.000003
1091 0.000003
1963 0.000003
2967 0.000003
3359 0.000003
1279 0.000003
3792 0.000003
758 0.000003
3497 0.000003
341 0.000003
2407 0.000003
3484 0.000003
2633 0.000003
3491 0.000003
2639 0.000003
981 0.000003
1287 0.000003
488 0.000003
3937 0.000003
3254 0.000003
3549 0.000003
732 0.000003
3862 0.000003
807 0.000003
2477 0.000003
3312 0.000003
3068 0.000003
3616 0.000003
2532 0.000003
2554 0.000003
2316 0.000003
3866 0.000003
2997 0.000003
3028 0.000003
1704 0.000003
2987 0.000003
2933 0.000003
2303 0.000003
701 0.000003
2797 0.000003
3761 0.000003
2089 0.000003
2119 0.000003
2948 0.000003
2688 0.000003
943 0.000003
3482 0.000003
3402 0.000003
3032 0.000003
2893 0.000003
1232 0.000003
2426 0.000003
3969 0.000003
1118 0.000003
2011 0.000003
1552 0.000003
3533 0.000003
1953 0.000003
3979 0.000003
2983 0.000003
3524 0.000003
3458 0.000003
1728 0.000003
3726 0.000003
3569 0.000003
2311 0.000003
4019 0.000003
2082 0.000003
3763 0.000003
2353 0.000003
2373 0.000003
2977 0.000003
2469 0.000003
1494 0.000003
2684 0.000003
2291 0.000003
1336 0.000003
2041 0.000003
1328 0.000003
2193 0.000003
3357 0.000003
3643 0.000003
1629 0.000003
2346 0.000003
2421 0.000003
923 0.000003
714 0.000003
1701 0.000003
3867 0.000003
2708 0.000003
1228 0.000003
1914 0.000003
123 0.000003
2036 0.000003
992 0.000003
3898 0.000003
1144 0.000003
3399 0.000003
2046 0.000003
1572 0.000003
1286 0.000003
1139 0.000003
3556 0.000003
2456 0.000003
3518 0.000003
3583 0.000003
403 0.000003
3602 0.000003
3192 0.000003
2587 0.000003
793 0.000003
1524 0.000003
3786 0.000003
2726 0.000003
2878 0.000003
3679 0.000002
2658 0.000002
1073 0.000002
2306 0.000002
498 0.000002
3872 0.000002
1676 0.000002
631 0.000002
1556 0.000002
1174 0.000002
2286 0.000002
2453 0.000002
1316 0.000002
926 0.000002
3088 0.000002
426 0.000002
901 0.000002
2846 0.000002
2961 0.000002
836 0.000002
748 0.000002
3318 0.000002
647 0.000002
3578 0.000002
3671 0.000002
3462 0.000002
2766 0.000002
1389 0.000002
3667 0.000002
2771 0.000002
969 0.000002
2579 0.000002
362 0.000002
3683 0.000002
1081 0.000002
3153 0.000002
1814 0.000002
2136 0.000002
2114 0.000002
519 0.000002
871 0.000002
1606 0.000002
817 0.000002
2057 0.000002
909 0.000002
3687 0.000002
1008 0.000002
1293 0.000002
2791 0.000002
838 0.000002
3539 0.000002
3753 0.000002
3066 0.000002
1033 0.000002
1043 0.000002
3167 0.000002
1544 0.000002
3901 0.000002
2903 0.000002
2981 0.000002
914 0.000002
792 0.000002
2321 0.000002
3566 0.000002
3914 0.000002
3292 0.000002
69 0.000002
568 0.000002
1433 0.000002
898 0.000002
1873 0.000002
938 0.000002
352 0.000002
939 0.000002
1042 0.000002
2044 0.000002
2591 0.000002
2383 0.000002
2248 0.000002
3944 0.000002
2821 0.000002
3634 0.000002
2403 0.000002
847 0.000002
2486 0.000002
3638 0.000002
2804 0.000002
1218 0.000002
3776 0.000002
2941 0.000002
1137 0.000002
2837 0.000002
3476 0.000002
622 0.000002
2861 0.000002
2891 0.000002
3509 0.000002
912 0.000002
741 0.000002
1601 0.000002
3762 0.000002
3904 0.000002
3392 0.000002
3349 0.000002
1719 0.000002
2034 0.000002
1333 0.000002
528 0.000002
1468 0.000002
1234 0.000002
258 0.000002
2717 0.000002
3517 0.000002
988 0.000002
2197 0.000002
3503 0.000002
1058 0.000002
778 0.000002
3888 0.000002
1934 0.000002
1103 0.000002
799 0.000002
907 0.000002
987 0.000002
2402 0.000002
684 0.000002
2682 0.000002
1401 0.000002
3659 0.000002
2942 0.000002
1378 0.000002
1244 0.000002
1801 0.000002
3713 0.000002
1364 0.000002
3504 0.000002
813 0.000002
707 0.000002
3817 0.000002
1094 0.000002
3767 0.000002
1906 0.000002
347 0.000002
3656 0.000002
2258 0.000002
1633 0.000002
3013 0.000002
902 0.000002
1089 0.000002
311 0.000002
3636 0.000002
2019 0.000002
1116 0.000002
722 0.000002
3133 0.000002
3543 0.000002
3527 0.000002
3209 0.000002
2641 0.000002
3703 0.000002
1093 0.000002
2723 0.000002
564 0.000002
3789 0.000002
3244 0.000002
3428 0.000001
3658 0.000001
2208 0.000001
3262 0.000001
1869 0.000001
3943 0.000001
2794 0.000001
1532 0.000001
786 0.000001
956 0.000001
3246 0.000001
2162 0.000001
716 0.000001
1773 0.000001
3141 0.000001
2017 0.000001
3109 0.000001
3608 0.000001
2274 0.000001
779 0.000001
1484 0.000001
3682 0.000001
837 0.000001
3548 0.000001
1478 0.000001
1822 0.000001
1087 0.000001
1248 0.000001
1956 0.000001
3356 0.000001
3452 0.000001
1958 0.000001
1784 0.000001
1213 0.000001
1957 0.000001
3664 0.000001
3878 0.000001
536 0.000001
3741 0.000001
737 0.000001
2522 0.000001
3622 0.000001
2097 0.000001
3743 0.000001
3818 0.000001
3623 0.000001
626 0.000001
3507 0.000001
3099 0.000001
3958 0.000001
1438 0.000001
3478 0.000001
1151 0.000001
1928 0.000001
2947 0.000001
254 0.000001
3156 0.000001
2424 0.000001
266 0.000001
14 0.000001
3388 0.000001
759 0.000001
1961 0.000001
2217 0.000001
3587 0.000001
2186 0.000001
2709 0.000001
2703 0.000001
2349 0.000001
657 0.000001
3531 0.000001
2301 0.000001
2747 0.000001
3929 0.000001
693 0.000001
3163 0.000001
3972 0.000001
2479 0.000001
2314 0.000001
3229 0.000001
3418 0.000001
3696 0.000001
3061 0.000001
24 0.000001
1739 0.000001
709 0.000001
588 0.000001
3759 0.000001
3837 0.000001
2251 0.000001
521 0.000001
3241 0.000001
623 0.000001
2701 0.000001
1756 0.000001
3473 0.000001
2959 0.000001
809 0.000001
2972 0.000001
2238 0.000001
2888 0.000001
1517 0.000001
442 0.000001
1141 0.000001
3243 0.000001
3754 0.000001
1162 0.000001
2752 0.000001
3646 0.000001
3863 0.000001
2652 0.000001
1764 0.000001
746 0.000001
889 0.000001
826 0.000001
2262 0.000001
3439 0.000001
3832 0.000001
3614 0.000001
3769 0.000001
3724 0.000001
3102 0.000001
1039 0.000001
117 0.000001
3441 0.000001
3414 0.000001
68 0.000001
1342 0.000001
1368 0.000001
1664 0.000001
1838 0.000001
453 0.000001
2727 0.000001
2834 0.000001
3197 0.000001
3678 0.000001
3941 0.000001
3522 0.000001
587 0.000001
831 0.000001
3778 0.000001
3227 0.000001
522 0.000001
3772 0.000001
2687 0.000001
3358 0.000001
3777 0.000001
2524 0.000001
1489 0.000001
2606 0.000001
3618 0.000001
691 0.000001
3493 0.000001
533 0.000001
2008 0.000001
529 0.000001
3652 0.000001
3859 0.000001
1884 0.000001
2769 0.000001
478 0.000001
2779 0.000001
731 0.000001
3574 0.000001
1708 0.000001
3216 0.000001
2227 0.000001
2096 0.000001
2816 0.000001
664 0.000001
1044 0.000001
3492 0.000001
2362 0.000001
1154 0.000001
1263 0.000001
3627 0.000001
502 0.000001
3512 0.000001
1134 0.000001
733 0.000001
711 0.000001
1249 0.000001
767 0.000001
3644 0.000001
2051 0.000001
1949 0.000001
2513 0.000001
94 0.000001
3472 0.000001
2388 0.000001
3314 0.000001
2584 0.000001
49 0.000001
192 0.000001
3502 0.000001
3641 0.000001
3812 0.000001
1463 0.000001
796 0.000001
783 0.000001
603 0.000001
1168 0.000001
3868 0.000001
1057 0.000001
583 0.000001
843 0.000001
1592 0.000001
3039 0.000001
3771 0.000001
3827 0.000001
1038 0.000001
2884 0.000001
3632 0.000001
1777 0.000001
821 0.000001
3631 0.000001
3917 0.000001
3894 0.000001
2651 0.000001
3092 0.000001
3283 0.000001
2466 0.000001
3757 0.000001
3774 0.000001
3957 0.000001
3934 0.000001
681 0.000001
1922 0.000001
3663 0.000001
2802 0.000001
1301 0.000001
3727 0.000001
3736 0.000001
1607 0.000001
364 0.000001
2926 0.000001
2281 0.000001
2487 0.000001
3739 0.000001
1978 0.000001
1084 0.000001
611 0.000001
3423 0.000001
1797 0.000001
867 0.000001
643 0.000001
661 0.000001
1417 0.000001
1713 0.000001
3159 0.000001
3269 0.000001
3271 0.000001
2439 0.000001
2503 0.000001
3128 0.000001
1568 0.000001
551 0.000001
1974 0.000001
931 0.000001
756 0.000001
333 0.000001
1461 0.000001
1874 0.000001
2514 0.000001
3976 0.000001
477 0.000001
2113 0.000001
3893 0.000001
1363 0.000001
1319 0.000001
1381 0.000001
998 0.000001
3571 0.000001
762 0.000001
2971 0.000001
66 0.000001
1147 0.000001
3661 0.000001
3887 0.000001
206 0.000001
612 0.000001
486 0.000001
3461 0.000001
3607 0.000001
1602 0.000001
1648 0.000001
2801 0.000000
3477 0.000000
1933 0.000000
3382 0.000000
3053 0.000000
2634 0.000000
3923 0.000000
176 0.000000
28 0.000000
816 0.000000
974 0.000000
167 0.000000
3551 0.000000
3908 0.000000
879 0.000000
881 0.000000
1164 0.000000
3447 0.000000
3657 0.000000
429 0.000000
3194 0.000000
863 0.000000
876 0.000000
1152 0.000000
2917 0.000000
1821 0.000000
1498 0.000000
3371 0.000000
1493 0.000000
3202 0.000000
491 0.000000
578 0.000000
627 0.000000
658 0.000000
659 0.000000
2066 0.000000
1063 0.000000
599 0.000000
662 0.000000
182 0.000000
1194 0.000000
406 0.000000
3044 0.000000
3544 0.000000
3694 0.000000
986 0.000000
2452 0.000000
958 0.000000
1251 0.000000
3457 0.000000
704 0.000000
3333 0.000000
2263 0.000000
3802 0.000000
861 0.000000
632 0.000000
2613 0.000000
351 0.000000
1977 0.000000
1069 0.000000
3814 0.000000
3083 0.000000
972 0.000000
2879 0.000000
3839 0.000000
812 0.000000
3338 0.000000
3427 0.000000
3567 0.000000
3598 0.000000
3323 0.000000
2021 0.000000
3537 0.000000
3637 0.000000
3787 0.000000
723 0.000000
864 0.000000
893 0.000000
2811 0.000000
3654 0.000000
1992 0.000000
2076 0.000000
3874 0.000000
3912 0.000000
3963 0.000000
2312 0.000000
1297 0.000000
1788 0.000000
3513 0.000000
2746 0.000000
1731 0.000000
633 0.000000
1443 0.000000
3446 0.000000
2166 0.000000
3479 0.000000
3562 0.000000
3613 0.000000
3649 0.000000
3883 0.000000
689 0.000000
3892 0.000000
2016 0.000000
2609 0.000000
2886 0.000000
878 0.000000
844 0.000000
3217 0.000000
937 0.000000
1133 0.000000
1442 0.000000
2437 0.000000
3742 0.000000
3751 0.000000
3916 0.000000
3843 0.000000
3058 0.000000
2454 0.000000
2528 0.000000
509 0.000000
979 0.000000
3436 0.000000
2908 0.000000
3481 0.000000
3523 0.000000
3834 0.000000
3712 0.000000
3389 0.000000
3647 0.000000
598 0.000000
2358 0.000000
3603 0.000000
424 0.000000
1157 0.000000
788 0.000000
3788 0.000000
2141 0.000000
791 0.000000
3932 0.000000
1411 0.000000
222 0.000000
3008 0.000000
2699 0.000000
3773 0.000000
2158 0.000000
3913 0.000000
4011 0.000000
3991 0.000000
2012 0.000000
174 0.000000
1254 0.000000
356 0.000000
383 0.000000
386 0.000000
411 0.000000
2714 0.000000
2998 0.000000
2178 0.000000
2527 0.000000
3673 0.000000
3816 0.000000
3882 0.000000
757 0.000000
621 0.000000
2572 0.000000
3334 0.000000
3819 0.000000
3308 0.000000
2982 0.000000
751 0.000000
721 0.000000
2013 0.000000
761 0.000000
1887 0.000000
3806 0.000000
3591 0.000000
3977 0.000000
794 0.000000
3063 0.000000
371 0.000000
3973 0.000000
882 0.000000
3498 0.000000
3516 0.000000
3519 0.000000
3579 0.000000
1802 0.000000
2898 0.000000
3112 0.000000
1748 0.000000
2963 0.000000
3552 0.000000
381 0.000000
1186 0.000000
399 0.000000
441 0.000000
501 0.000000
3161 0.000000
3429 0.000000
2106 0.000000
3588 0.000000
3606 0.000000
3954 0.000000
866 0.000000
577 0.000000
2568 0.000000
382 0.000000
2632 0.000000
3398 0.000000
1853 0.000000
562 0.000000
3541 0.000000
2496 0.000000
1061 0.000000
1203 0.000000
3681 0.000000
702 0.000000
2599 0.000000
263 0.000000
296 0.000000
2774 0.000000
2776 0.000000
3074 0.000000
3127 0.000000
1996 0.000000
2094 0.000000
2422 0.000000
3444 0.000000
3749 0.000000
3849 0.000000
1924 0.000000
628 0.000000
3012 0.000000
1439 0.000000
187 0.000000
2692 0.000000
3857 0.000000
2732 0.000000
3131 0.000000
3181 0.000000
3251 0.000000
2621 0.000000
3848 0.000000
872 0.000000
874 0.000000
3311 0.000000
3708 0.000000
3281 0.000000
1771 0.000000
3581 0.000000
2444 0.000000
2678 0.000000
3122 0.000000
3218 0.000000
3354 0.000000
1937 0.000000
3952 0.000000
139 0.000000
846 0.000000
36 0.000000
3126 0.000000
3266 0.000000
3322 0.000000
2182 0.000000
2256 0.000000
3936 0.000000
1239 0.000000
2177 0.000000
1506 0.000000
593 0.000000
3666 0.000000
1759 0.000000
349 0.000000
466 0.000000
3368 0.000000
3424 0.000000
3766 0.000000
3783 0.000000
886 0.000000
3796 0.000000
1354 0.000000
672 0.000000
2798 0.000000
2252 0.000000
2899 0.000000
3701 0.000000
3352 0.000000
2493 0.000000
3594 0.000000
3639 0.000000
3871 0.000000
3919 0.000000
2014 0.000000
3928 0.000000
582 0.000000
808 0.000000
3889 0.000000
706 0.000000
3094 0.000000
1892 0.000000
1414 0.000000
2852 0.000000
2442 0.000000
228 0.000000
78 0.000000
218 0.000000
273 0.000000
306 0.000000
328 0.000000
6 0.000000
147 0.000000
201 0.000000
264 0.000000
151 0.000000
112 0.000000
138 0.000000
293 0.000000
267 0.000000
298 0.000000
247 0.000000
32 0.000000
33 0.000000
42 0.000000
309 0.000000
44 0.000000
46 0.000000
47 0.000000
241 0.000000
52 0.000000
191 0.000000
63 0.000000
207 0.000000
221 0.000000
2814 0.000000
2838 0.000000
3003 0.000000
268 0.000000
64 0.000000
189 0.000000
71 0.000000
307 0.000000
286 0.000000
86 0.000000
164 0.000000
336 0.000000
327 0.000000
97 0.000000
102 0.000000
131 0.000000
899 0.000000
911 0.000000
918 0.000000
928 0.000000
929 0.000000
996 0.000000
1002 0.000000
1016 0.000000
1022 0.000000
1027 0.000000
1031 0.000000
1034 0.000000
1046 0.000000
1071 0.000000
1096 0.000000
1111 0.000000
1119 0.000000
1176 0.000000
1206 0.000000
1208 0.000000
1224 0.000000
1233 0.000000
1252 0.000000
1253 0.000000
1262 0.000000
1264 0.000000
1276 0.000000
1326 0.000000
1346 0.000000
1353 0.000000
1362 0.000000
1372 0.000000
1383 0.000000
1386 0.000000
1394 0.000000
1403 0.000000
1466 0.000000
1474 0.000000
1476 0.000000
1486 0.000000
1521 0.000000
1546 0.000000
1558 0.000000
1579 0.000000
1581 0.000000
1586 0.000000
1627 0.000000
1631 0.000000
1651 0.000000
1657 0.000000
1693 0.000000
1711 0.000000
1762 0.000000
1776 0.000000
1792 0.000000
1834 0.000000
1854 0.000000
1856 0.000000
279 0.000000
157 0.000000
183 0.000000
321 0.000000
154 0.000000
2704 0.000000
253 0.000000
393 0.000000
476 0.000000
288 0.000000
216 0.000000
233 0.000000
256 0.000000
234 0.000000
244 0.000000
282 0.000000
262 0.000000
358 0.000000
377 0.000000
379 0.000000
384 0.000000
401 0.000000
443 0.000000
447 0.000000
448 0.000000
454 0.000000
467 0.000000
468 0.000000
499 0.000000
552 0.000000
571 0.000000
572 0.000000
576 0.000000
581 0.000000
586 0.000000
602 0.000000
607 0.000000
608 0.000000
613 0.000000
624 0.000000
638 0.000000
642 0.000000
648 0.000000
652 0.000000
656 0.000000
667 0.000000
668 0.000000
671 0.000000
673 0.000000
674 0.000000
2671 0.000000
2691 0.000000
2721 0.000000
2722 0.000000
2736 0.000000
2767 0.000000
2788 0.000000
2792 0.000000
2799 0.000000
2808 0.000000
2817 0.000000
2824 0.000000
2842 0.000000
2857 0.000000
2902 0.000000
2922 0.000000
2952 0.000000
3006 0.000000
3031 0.000000
3037 0.000000
3059 0.000000
3071 0.000000
3091 0.000000
3121 0.000000
3134 0.000000
3143 0.000000
3147 0.000000
3183 0.000000
3268 0.000000
3282 0.000000
3317 0.000000
3336 0.000000
3367 0.000000
3372 0.000000
3376 0.000000
3401 0.000000
3407 0.000000
3408 0.000000
3413 0.000000
1967 0.000000
1969 0.000000
2079 0.000000
2167 0.000000
2168 0.000000
2204 0.000000
2219 0.000000
2269 0.000000
2382 0.000000
2431 0.000000
2441 0.000000
2457 0.000000
2481 0.000000
2483 0.000000
2517 0.000000
2541 0.000000
2548 0.000000
2569 0.000000
2596 0.000000
3451 0.000000
3453 0.000000
3467 0.000000
3489 0.000000
3494 0.000000
3572 0.000000
3582 0.000000
3589 0.000000
3597 0.000000
3619 0.000000
3653 0.000000
3668 0.000000
3669 0.000000
3676 0.000000
3686 0.000000
3688 0.000000
3689 0.000000
3691 0.000000
3699 0.000000
3704 0.000000
3709 0.000000
3716 0.000000
3717 0.000000
3729 0.000000
3732 0.000000
3733 0.000000
3744 0.000000
3746 0.000000
3748 0.000000
3781 0.000000
3798 0.000000
3801 0.000000
3807 0.000000
3808 0.000000
3811 0.000000
3813 0.000000
3844 0.000000
3846 0.000000
3853 0.000000
3854 0.000000
3856 0.000000
3864 0.000000
3876 0.000000
3879 0.000000
3897 0.000000
3899 0.000000
3911 0.000000
3922 0.000000
3939 0.000000
3942 0.000000
3946 0.000000
3953 0.000000
3959 0.000000
3974 0.000000
3978 0.000000
692 0.000000
699 0.000000
717 0.000000
743 0.000000
744 0.000000
749 0.000000
801 0.000000
802 0.000000
832 0.000000
841 0.000000
851 0.000000
852 0.000000
854 0.000000
858 0.000000
859 0.000000
868 0.000000
869 0.000000
873 0.000000
877 0.000000
883 0.000000
884 0.000000
887 0.000000
888 0.000000
891 0.000000
892 0.000000
894 0.000000
4018 0.000000
4003 0.000000
4037 0.000000
3983 0.000000
4033 0.000000
3987 0.000000
4012 0.000000
3992 0.000000
4028 0.000000
4036 0.000000
4001 0.000000
4029 0.000000
4006 0.000000
4007 0.000000
4016 0.000000
4034 0.000000
4032 0.000000
