33 3212.000000
42 3212.000000
71 3212.000000
307 3212.000000
233 3212.000000
256 3212.000000
244 3212.000000
282 3212.000000
3987 3212.000000
4012 3212.000000
4001 3212.000000
4029 3212.000000
4007 3212.000000
4016 3212.000000
182 1606.000000
97 1070.666667
253 1070.666667
49 803.000000
192 803.000000
241 535.333333
52 535.333333
107 0.385317
428 0.370558
563 0.369705
348 0.343713
414 0.343052
483 0.342394
376 0.339571
1912 0.339033
566 0.338176
484 0.336511
353 0.336441
651 0.335632
58 0.335422
1684 0.335037
1718 0.323432
171 0.322231
1549 0.318020
1577 0.317235
517 0.316765
526 0.316484
366 0.316453
606 0.316204
1173 0.314902
641 0.314779
601 0.313856
1029 0.313672
1536 0.313335
1358 0.313152
1574 0.313091
567 0.312969
1688 0.312543
1179 0.312391
1374 0.312360
1666 0.312239
1534 0.312208
1313 0.312148
1237 0.312087
1692 0.312026
1512 0.311724
1777 0.311512
1114 0.311452
1778 0.311452
1217 0.311391
1408 0.311301
1446 0.311270
1338 0.311150
1109 0.310999
1013 0.310969
1226 0.310939
1687 0.310939
962 0.310698
1808 0.310248
1136 0.310218
363 0.304484
637 0.303047
1663 0.302876
1352 0.302591
1361 0.302107
1126 0.302022
1621 0.301795
1376 0.301540
538 0.301398
1171 0.301342
1522 0.300946
916 0.300721
596 0.300580
1334 0.300440
1086 0.300355
1509 0.300355
1617 0.300103
389 0.299907
921 0.299711
649 0.299627
1618 0.299403
1312 0.299069
1028 0.298985
1182 0.298985
1369 0.298985
1523 0.298902
917 0.298874
1782 0.298874
1327 0.298846
1702 0.298846
1863 0.298624
629 0.298596
1909 0.298541
1911 0.298458
1513 0.298430
896 0.298347
1277 0.298347
1783 0.298319
1626 0.298291
1846 0.298236
1852 0.298236
951 0.298180
1458 0.298180
1487 0.298125
1238 0.298097
1813 0.298097
1604 0.298070
1196 0.298014
1204 0.298014
1769 0.298014
1836 0.298014
1104 0.297987
1616 0.297959
559 0.297904
1598 0.297876
1817 0.297821
1197 0.297793
1014 0.297766
1786 0.297766
1192 0.297711
1128 0.297683
1697 0.297683
1032 0.297628
1871 0.297573
1767 0.297518
1357 0.297435
1844 0.297407
1893 0.297352
513 0.297352
1661 0.297325
1729 0.297325
1742 0.297325
412 0.297325
1897 0.297297
1148 0.297270
1122 0.297242
1373 0.297242
1473 0.297242
1899 0.297215
1882 0.297187
936 0.297160
1427 0.297160
1611 0.297160
953 0.297105
1066 0.297105
1694 0.297105
373 0.297105
1282 0.297077
1673 0.297077
561 0.297077
942 0.297050
1261 0.297050
1158 0.297022
1343 0.297022
1828 0.296995
1349 0.296967
1894 0.296967
1273 0.296913
1677 0.296913
1001 0.296885
1824 0.296885
1018 0.296858
1113 0.296858
1099 0.296830
1514 0.296830
1543 0.296830
1166 0.296775
1396 0.296775
1794 0.296775
1284 0.296748
1744 0.296748
954 0.296721
968 0.296721
976 0.296721
1012 0.296721
1102 0.296721
1454 0.296721
1751 0.296693
1878 0.296693
1318 0.296666
1881 0.296666
1303 0.296638
1732 0.296638
1679 0.296611
948 0.296556
1763 0.296556
1332 0.296529
1606 0.296529
1812 0.296529
553 0.296529
1108 0.296501
984 0.296474
1324 0.296474
1382 0.296474
1429 0.296474
1582 0.296474
1706 0.296474
1309 0.296447
492 0.296447
1142 0.296392
1281 0.296392
374 0.296365
1392 0.296337
1766 0.296337
1848 0.296337
1638 0.296310
1397 0.296283
1508 0.296255
1682 0.296255
391 0.296255
524 0.296228
1529 0.296201
1907 0.296201
1406 0.296173
1464 0.296146
919 0.296119
933 0.296064
1801 0.296010
1223 0.295928
1773 0.295928
1709 0.295873
1294 0.295846
1631 0.295819
497 0.295819
913 0.295792
1492 0.295792
1289 0.295764
1428 0.295710
1074 0.295655
1506 0.295628
1654 0.295601
542 0.295438
419 0.295383
461 0.295356
1011 0.295275
1656 0.295221
1642 0.295166
1526 0.295139
1758 0.295085
1169 0.295031
1422 0.295031
1419 0.294977
1726 0.294949
423 0.294841
604 0.294733
1077 0.294463
591 0.294274
417 0.293548
392 0.292852
416 0.292345
402 0.292000
456 0.291735
1967 0.290942
439 0.290863
683 0.290837
471 0.290679
387 0.290337
451 0.289918
1387 0.284777
1297 0.284525
1486 0.284500
1193 0.284474
904 0.284399
136 0.284097
1888 0.283796
1584 0.283695
1768 0.283095
1199 0.283070
1431 0.282896
1377 0.282821
1078 0.282796
1589 0.282796
1746 0.282672
1827 0.282672
1804 0.282572
1833 0.282448
1367 0.282398
1714 0.282374
1399 0.282349
1559 0.282349
1707 0.282349
1612 0.282324
1613 0.282324
2543 0.282324
1211 0.282150
1471 0.282150
993 0.282126
1551 0.282126
1557 0.282076
1622 0.282076
946 0.282027
1391 0.282027
1839 0.281952
1516 0.281878
1059 0.281829
1184 0.281804
1791 0.281779
1329 0.281754
1554 0.281730
1736 0.281705
1799 0.281705
1017 0.281631
1146 0.281606
1107 0.281581
1879 0.281581
1006 0.281532
1331 0.281532
1603 0.281507
1132 0.281483
1662 0.281483
1793 0.281483
1076 0.281458
1222 0.281458
1447 0.281458
1757 0.281409
1256 0.281384
1717 0.281384
1153 0.281359
1488 0.281335
1669 0.281335
1816 0.281310
1456 0.281286
1864 0.281286
1191 0.281261
1491 0.281261
1416 0.281236
1823 0.281212
1101 0.281187
1668 0.281187
1124 0.281162
1079 0.281138
1467 0.281138
1689 0.281138
1761 0.281138
1267 0.281113
1269 0.281113
1683 0.281113
1902 0.281113
1547 0.281089
1004 0.281064
1117 0.281064
1341 0.281064
1867 0.281039
436 0.281039
947 0.281015
966 0.280990
1214 0.280990
1842 0.280990
1849 0.280990
1049 0.280966
1868 0.280966
1172 0.280941
1752 0.280941
1242 0.280917
1573 0.280917
1619 0.280917
1721 0.280917
1291 0.280892
431 0.280892
438 0.280892
1712 0.280867
1861 0.280867
1302 0.280843
1597 0.280843
1608 0.280843
378 0.280843
1322 0.280818
1809 0.280818
1886 0.280818
1243 0.280794
1459 0.280794
1472 0.280794
1609 0.280794
978 0.280769
1563 0.280769
1344 0.280745
1898 0.280720
1083 0.280696
1149 0.280696
1479 0.280696
1628 0.280696
1741 0.280696
1789 0.280696
1067 0.280671
1163 0.280671
1623 0.280671
1643 0.280671
1826 0.280671
506 0.280671
1156 0.280647
1339 0.280647
1409 0.280647
967 0.280622
1048 0.280622
1583 0.280598
906 0.280573
1591 0.280549
1271 0.280524
1209 0.280500
1449 0.280500
1003 0.280475
997 0.280451
1181 0.280451
1483 0.280451
1671 0.280451
1024 0.280426
1288 0.280426
1637 0.280426
1528 0.280402
952 0.280377
957 0.280377
1227 0.280353
1644 0.280353
1189 0.280328
1699 0.280328
934 0.280304
999 0.280304
1423 0.280304
1539 0.280304
1716 0.280304
1052 0.280279
1198 0.280279
1359 0.280279
1462 0.280279
1819 0.280279
1596 0.280255
544 0.280255
1576 0.280230
1724 0.280230
2111 0.280230
1231 0.280206
1272 0.280206
1388 0.280206
1469 0.280206
1632 0.280206
1652 0.280206
1737 0.280206
1753 0.280206
1129 0.280181
1347 0.280181
1659 0.280181
1876 0.280181
1754 0.280157
1019 0.280133
1402 0.280133
1448 0.280133
1502 0.280133
1636 0.280133
1653 0.280133
1796 0.280133
1054 0.280108
1207 0.280108
1857 0.280108
1026 0.280084
1268 0.280084
1351 0.280084
1444 0.280084
1639 0.280084
1674 0.280084
982 0.280059
1041 0.280059
1323 0.280059
1647 0.280059
2007 0.280059
2199 0.280059
1298 0.280035
1371 0.280035
1393 0.280035
514 0.280035
1538 0.280010
1872 0.280010
927 0.279986
1287 0.279986
1366 0.279986
1703 0.279986
983 0.279937
1123 0.279937
1229 0.279937
1548 0.279937
1047 0.279913
1221 0.279913
1259 0.279913
1426 0.279913
1496 0.279913
1519 0.279913
1614 0.279913
1772 0.279913
2081 0.279913
1056 0.279888
1436 0.279888
1437 0.279888
1082 0.279864
1457 0.279864
1691 0.279864
1859 0.279864
1891 0.279864
2598 0.279864
897 0.279840
1877 0.279840
963 0.279815
1021 0.279815
1036 0.279815
1336 0.279815
1507 0.279815
1571 0.279815
1658 0.279815
2054 0.279815
2283 0.279815
941 0.279791
1159 0.279791
1183 0.279791
1348 0.279791
1407 0.279791
1722 0.279791
1811 0.279791
932 0.279767
1292 0.279767
1413 0.279767
1578 0.279767
1727 0.279767
1009 0.279742
1201 0.279742
1219 0.279742
1257 0.279742
1278 0.279742
1542 0.279742
1379 0.279718
1807 0.279718
2289 0.279718
1037 0.279693
1432 0.279693
1504 0.279693
1587 0.279693
1092 0.279669
1404 0.279669
1482 0.279669
1862 0.279669
2133 0.279669
981 0.279645
1314 0.279645
1569 0.279645
1723 0.279645
1734 0.279645
1738 0.279645
1787 0.279645
1837 0.279645
902 0.279620
1681 0.279620
1068 0.279596
1112 0.279596
1121 0.279596
1279 0.279596
1293 0.279596
1832 0.279596
2336 0.279596
959 0.279572
1533 0.279572
2032 0.279572
1389 0.279547
1398 0.279547
1831 0.279547
1841 0.279547
949 0.279523
1051 0.279523
1733 0.279523
2187 0.279523
1098 0.279499
1873 0.279499
1097 0.279474
1216 0.279474
1258 0.279474
1311 0.279474
1572 0.279474
1806 0.279474
1843 0.279474
898 0.279450
1118 0.279450
1317 0.279450
1532 0.279450
1851 0.279450
901 0.279426
903 0.279426
988 0.279426
1452 0.279426
1524 0.279426
1798 0.279426
1858 0.279426
1903 0.279426
2384 0.279426
1236 0.279402
1296 0.279402
1333 0.279402
1511 0.279402
2068 0.279402
2292 0.279402
969 0.279377
971 0.279377
1143 0.279377
1378 0.279377
1438 0.279377
1601 0.279377
1624 0.279377
1774 0.279377
1901 0.279377
2511 0.279377
924 0.279353
989 0.279353
992 0.279353
1246 0.279353
1316 0.279353
1412 0.279353
1468 0.279353
1541 0.279353
1561 0.279353
1593 0.279353
1649 0.279353
2153 0.279353
2471 0.279353
944 0.279329
1137 0.279329
1274 0.279329
938 0.279304
1161 0.279304
1232 0.279304
1283 0.279304
1337 0.279304
1517 0.279304
1553 0.279304
1568 0.279304
1634 0.279304
1064 0.279280
1081 0.279280
1131 0.279280
1451 0.279280
1853 0.279280
2117 0.279280
1072 0.279256
1319 0.279256
1453 0.279256
1503 0.279256
1567 0.279256
1686 0.279256
1818 0.279256
1884 0.279256
1904 0.279256
908 0.279232
973 0.279232
1188 0.279232
1304 0.279232
1306 0.279232
1493 0.279232
1497 0.279232
1648 0.279232
1728 0.279232
922 0.279207
964 0.279207
977 0.279207
994 0.279207
1039 0.279207
1299 0.279207
1441 0.279207
1821 0.279207
958 0.279183
991 0.279183
1044 0.279183
1106 0.279183
1307 0.279183
1381 0.279183
1527 0.279183
1592 0.279183
1847 0.279183
1866 0.279183
1908 0.279183
2102 0.279183
1116 0.279159
1167 0.279159
1212 0.279159
1286 0.279159
1434 0.279159
1556 0.279159
1564 0.279159
1629 0.279159
1704 0.279159
2463 0.279159
1247 0.279134
1266 0.279134
1321 0.279134
1363 0.279134
1667 0.279134
1678 0.279134
1743 0.279134
1747 0.279134
1803 0.279134
2072 0.279134
2268 0.279134
1058 0.279110
1062 0.279110
1103 0.279110
1139 0.279110
1178 0.279110
1241 0.279110
1439 0.279110
1588 0.279110
1672 0.279110
1764 0.279110
1822 0.279110
1023 0.279086
1063 0.279086
1091 0.279086
1164 0.279086
1356 0.279086
1489 0.279086
1552 0.279086
1566 0.279086
1883 0.279086
507 0.279086
972 0.279062
1022 0.279062
1069 0.279062
1421 0.279062
1424 0.279062
1477 0.279062
1481 0.279062
1494 0.279062
1531 0.279062
1594 0.279062
1701 0.279062
1781 0.279062
2224 0.279062
1144 0.279037
1186 0.279037
1233 0.279037
1418 0.279037
1433 0.279037
1756 0.279037
1779 0.279037
1784 0.279037
1906 0.279037
2071 0.279037
2461 0.279037
2629 0.279037
926 0.279013
1174 0.279013
1177 0.279013
1187 0.279013
1249 0.279013
1308 0.279013
1328 0.279013
1476 0.279013
1698 0.279013
1889 0.279013
2649 0.279013
1031 0.278989
1042 0.278989
1127 0.278989
1138 0.278989
1213 0.278989
1228 0.278989
1234 0.278989
1384 0.278989
1478 0.278989
1537 0.278989
1633 0.278989
1792 0.278989
1829 0.278989
2174 0.278989
2319 0.278989
2491 0.278989
914 0.278965
939 0.278965
1007 0.278965
1033 0.278965
1484 0.278965
1641 0.278965
1646 0.278965
1719 0.278965
2247 0.278965
408 0.278965
923 0.278941
931 0.278941
1141 0.278941
1499 0.278941
1501 0.278941
1518 0.278941
1676 0.278941
1739 0.278941
1748 0.278941
1869 0.278941
2038 0.278941
943 0.278916
961 0.278916
1088 0.278916
1089 0.278916
1152 0.278916
1218 0.278916
1401 0.278916
1599 0.278916
1771 0.278916
1802 0.278916
1892 0.278916
2189 0.278916
956 0.278892
979 0.278892
987 0.278892
1053 0.278892
1084 0.278892
1364 0.278892
1461 0.278892
1544 0.278892
1562 0.278892
1696 0.278892
1749 0.278892
1814 0.278892
1874 0.278892
1887 0.278892
2127 0.278892
909 0.278868
1016 0.278868
1043 0.278868
1061 0.278868
1093 0.278868
1094 0.278868
1244 0.278868
1403 0.278868
1463 0.278868
1896 0.278868
912 0.278844
974 0.278844
986 0.278844
1073 0.278844
1162 0.278844
1202 0.278844
1251 0.278844
1443 0.278844
1602 0.278844
1731 0.278844
2223 0.278844
907 0.278819
928 0.278819
998 0.278819
1008 0.278819
1151 0.278819
1154 0.278819
1342 0.278819
1368 0.278819
1411 0.278819
1414 0.278819
1708 0.278819
1788 0.278819
1087 0.278795
1111 0.278795
1134 0.278795
1168 0.278795
1248 0.278795
1301 0.278795
1372 0.278795
1521 0.278795
1664 0.278795
1838 0.278795
2617 0.278795
937 0.278771
1038 0.278771
1057 0.278771
1133 0.278771
1157 0.278771
1203 0.278771
1239 0.278771
1263 0.278771
1346 0.278771
1417 0.278771
1442 0.278771
1498 0.278771
1607 0.278771
1797 0.278771
404 0.278771
929 0.278747
1147 0.278747
1194 0.278747
1354 0.278747
1383 0.278747
1657 0.278747
1713 0.278747
1759 0.278747
1776 0.278747
1856 0.278747
2451 0.278747
899 0.278723
1034 0.278723
1046 0.278723
1071 0.278723
1253 0.278723
1254 0.278723
1264 0.278723
1362 0.278723
1546 0.278723
1579 0.278723
1586 0.278723
1762 0.278723
996 0.278698
1002 0.278698
1027 0.278698
1176 0.278698
1208 0.278698
1224 0.278698
1252 0.278698
1276 0.278698
1326 0.278698
1353 0.278698
1474 0.278698
1627 0.278698
1651 0.278698
1711 0.278698
1854 0.278698
1926 0.278698
911 0.278674
918 0.278674
1096 0.278674
1119 0.278674
1206 0.278674
1262 0.278674
1386 0.278674
1394 0.278674
1466 0.278674
1558 0.278674
1581 0.278674
1693 0.278674
1834 0.278674
397 0.278602
2143 0.278529
2203 0.278529
2508 0.278529
2138 0.278505
432 0.278505
669 0.278505
2643 0.278481
2436 0.278457
2498 0.278457
1932 0.278433
2042 0.278433
614 0.278433
2183 0.278409
2279 0.278336
427 0.278336
2327 0.278240
444 0.278192
2267 0.278143
2589 0.278119
34 0.278071
2302 0.278071
2264 0.278023
2653 0.277975
482 0.277951
2039 0.277927
2398 0.277903
2254 0.277735
2458 0.277735
2533 0.277663
479 0.277663
2128 0.277615
463 0.277615
2547 0.277567
434 0.277495
473 0.277351
556 0.277255
2472 0.277231
2529 0.277183
2417 0.277112
549 0.276539
2502 0.276444
558 0.276277
512 0.276135
511 0.275850
523 0.275850
594 0.275850
2347 0.275732
634 0.275495
452 0.275401
504 0.275330
546 0.275330
609 0.275236
531 0.274976
676 0.274906
369 0.274835
469 0.274694
503 0.274694
508 0.274671
426 0.274647
442 0.274530
457 0.274530
516 0.274530
357 0.274506
518 0.274483
554 0.274483
449 0.274389
459 0.274319
421 0.274295
1941 0.274295
528 0.274249
2328 0.274249
407 0.274202
569 0.274178
667 0.274155
2047 0.274038
2282 0.274038
543 0.274015
2087 0.273991
2333 0.273991
541 0.273968
477 0.273945
534 0.273898
433 0.273874
527 0.273688
2509 0.273595
2149 0.273501
1947 0.273385
2241 0.273385
2294 0.273385
2468 0.273385
2642 0.273385
2344 0.273362
537 0.273338
2169 0.273222
2052 0.273176
2176 0.273176
388 0.273129
2196 0.273129
2419 0.273129
1948 0.273106
2512 0.273083
2582 0.273060
2028 0.272990
2616 0.272944
2394 0.272920
2246 0.272874
2132 0.272851
1954 0.272804
2588 0.272758
2148 0.272735
2151 0.272712
1916 0.272596
2368 0.272596
2592 0.272573
2144 0.272550
2343 0.272550
2053 0.272411
1959 0.272388
2567 0.272388
2194 0.272342
2338 0.272342
2351 0.272342
2372 0.272273
2597 0.272250
2332 0.272226
2608 0.272157
2198 0.272134
2026 0.272111
2594 0.272111
2273 0.272088
2377 0.272042
2002 0.271950
2399 0.271927
2516 0.271904
2134 0.271881
2191 0.271881
2239 0.271812
2062 0.271651
2101 0.271628
1994 0.271421
2031 0.271398
2003 0.271353
2293 0.271261
646 0.271192
2609 0.271169
2137 0.271146
2519 0.270918
2544 0.270803
2163 0.270781
2389 0.270689
1913 0.270530
2413 0.270507
2298 0.270461
472 0.269463
2838 0.269305
3003 0.269305
173 0.269282
3173 0.264864
2814 0.264580
496 0.262611
422 0.262504
3437 0.262118
269 0.261266
464 0.261138
493 0.261053
394 0.260630
494 0.260376
367 0.260102
1939 0.259850
639 0.259786
487 0.259765
1972 0.259660
2116 0.259598
557 0.259598
1973 0.259577
2171 0.259535
1951 0.259514
2364 0.259514
198 0.259514
446 0.259430
2001 0.259409
2018 0.259409
2284 0.259388
2538 0.259367
2024 0.259346
1998 0.259325
2378 0.259325
2004 0.259283
2447 0.259283
2459 0.259283
1991 0.259262
2009 0.259241
2027 0.259220
2647 0.259220
2583 0.259199
1976 0.259179
2157 0.259095
2636 0.259095
2494 0.259074
2571 0.259011
2337 0.258990
368 0.258990
671 0.258907
409 0.258782
398 0.258740
678 0.258407
584 0.258241
481 0.258116
352 0.257930
587 0.257930
548 0.257847
536 0.257806
488 0.257723
547 0.257682
359 0.257578
462 0.257578
489 0.257578
396 0.257558
2266 0.257496
593 0.257413
679 0.257413
539 0.257351
652 0.257331
673 0.257331
586 0.257269
653 0.257269
2142 0.257269
521 0.257248
2233 0.257248
458 0.257228
354 0.257186
644 0.257186
519 0.257125
361 0.257083
413 0.257022
618 0.257022
2206 0.257022
2229 0.257001
474 0.256981
491 0.256981
502 0.256981
2611 0.256981
656 0.256939
2123 0.256939
2218 0.256919
372 0.256898
551 0.256898
592 0.256898
1983 0.256898
1993 0.256898
2078 0.256898
2507 0.256898
424 0.256878
486 0.256878
2464 0.256878
509 0.256857
579 0.256857
2244 0.256857
381 0.256837
2131 0.256837
2602 0.256837
418 0.256816
2088 0.256816
2309 0.256816
2607 0.256816
2369 0.256775
2604 0.256775
654 0.256755
663 0.256755
2073 0.256755
2542 0.256755
362 0.256734
1946 0.256734
2172 0.256734
2324 0.256734
2428 0.256734
2059 0.256714
2184 0.256714
2188 0.256714
2331 0.256714
2526 0.256714
666 0.256693
2118 0.256693
2624 0.256693
403 0.256673
619 0.256673
1938 0.256673
1943 0.256673
2103 0.256673
2564 0.256673
636 0.256652
1917 0.256652
2586 0.256652
2201 0.256632
2601 0.256632
478 0.256611
597 0.256611
677 0.256611
1962 0.256591
2339 0.256591
2593 0.256591
498 0.256570
589 0.256570
617 0.256570
2064 0.256570
529 0.256550
616 0.256550
1984 0.256529
2409 0.256529
2414 0.256529
2326 0.256509
533 0.256488
2043 0.256488
2104 0.256488
2139 0.256488
2354 0.256488
2492 0.256488
682 0.256468
2323 0.256468
2381 0.256468
1971 0.256447
2093 0.256447
2376 0.256447
364 0.256427
564 0.256427
437 0.256427
522 0.256427
532 0.256427
631 0.256427
2033 0.256427
2356 0.256427
399 0.256406
441 0.256406
501 0.256406
429 0.256406
568 0.256406
574 0.256406
1966 0.256406
2271 0.256406
393 0.256386
466 0.256386
573 0.256386
1979 0.256386
2037 0.256386
2124 0.256386
476 0.256365
349 0.256365
371 0.256365
382 0.256365
2278 0.256365
2553 0.256365
351 0.256345
453 0.256324
657 0.256324
2704 0.256304
406 0.256304
467 0.256304
562 0.256304
572 0.256304
2374 0.256304
356 0.256283
383 0.256283
384 0.256283
386 0.256283
411 0.256283
454 0.256283
499 0.256283
552 0.256283
571 0.256283
2069 0.256283
2638 0.256283
377 0.256263
379 0.256263
401 0.256263
443 0.256263
448 0.256263
468 0.256263
2352 0.256263
2363 0.256263
2404 0.256263
2482 0.256263
358 0.256243
447 0.256243
2108 0.256243
2257 0.256243
2578 0.256243
2074 0.256222
2619 0.256222
684 0.256202
2154 0.256202
2423 0.256202
2549 0.256202
583 0.256181
1918 0.256181
2121 0.256181
2559 0.256181
578 0.256161
599 0.256161
603 0.256161
623 0.256161
627 0.256161
643 0.256161
658 0.256161
659 0.256161
661 0.256161
662 0.256161
681 0.256161
2551 0.256161
2561 0.256161
577 0.256140
611 0.256140
632 0.256140
664 0.256140
2253 0.256140
2446 0.256140
582 0.256120
588 0.256120
647 0.256120
2308 0.256120
598 0.256100
622 0.256100
633 0.256100
3101 0.256100
2112 0.256100
2408 0.256100
612 0.256079
626 0.256079
1986 0.256059
2276 0.256059
576 0.256038
628 0.256038
2504 0.256038
2573 0.256038
1929 0.256018
2299 0.256018
2654 0.256018
621 0.255997
672 0.255977
2063 0.255977
2348 0.255977
2359 0.255957
2433 0.255957
2084 0.255916
2122 0.255916
2546 0.255916
581 0.255895
642 0.255895
648 0.255895
2521 0.255895
602 0.255875
607 0.255875
608 0.255875
613 0.255875
624 0.255875
638 0.255875
668 0.255875
674 0.255875
2083 0.255875
2307 0.255875
2334 0.255875
2646 0.255834
2212 0.255814
2386 0.255814
1997 0.255794
2086 0.255794
2109 0.255794
2539 0.255794
3263 0.255773
2467 0.255773
2216 0.255753
2469 0.255692
2556 0.255692
2484 0.255671
2261 0.255610
2623 0.255610
2077 0.255570
2237 0.255549
2329 0.255529
2418 0.255529
1953 0.255509
2506 0.255509
2046 0.255488
2489 0.255448
119 0.255427
2306 0.255427
2631 0.255427
2869 0.255407
2056 0.255407
2098 0.255407
2579 0.255407
2477 0.255387
2552 0.255387
2563 0.255387
2537 0.255285
2764 0.255265
2213 0.255265
2478 0.255265
2532 0.255245
1964 0.255204
2179 0.255204
2574 0.255204
2434 0.255184
2429 0.255164
2462 0.255123
2591 0.255103
2499 0.255083
3258 0.255062
2164 0.255062
2554 0.255062
3111 0.255022
2392 0.255022
1963 0.255002
2161 0.255002
2353 0.254981
2407 0.254981
2058 0.254961
2313 0.254961
1989 0.254900
2136 0.254900
3278 0.254860
2501 0.254860
2883 0.254840
2606 0.254840
2232 0.254820
2396 0.254820
2391 0.254799
2438 0.254779
2979 0.254759
2304 0.254759
2603 0.254739
2693 0.254718
3222 0.254718
3248 0.254718
2243 0.254658
2822 0.254638
3361 0.254638
2287 0.254638
2536 0.254618
3186 0.254597
3289 0.254597
1981 0.254597
2707 0.254537
2211 0.254537
2259 0.254517
2387 0.254517
1919 0.254496
1927 0.254496
2659 0.254496
1923 0.254476
2006 0.254476
2473 0.254476
2968 0.254456
2367 0.254456
2518 0.254456
2652 0.254456
2226 0.254436
2657 0.254436
2022 0.254416
2202 0.254416
2258 0.254416
2479 0.254416
2222 0.254396
1942 0.254376
2092 0.254376
2126 0.254376
2159 0.254376
2311 0.254376
2449 0.254376
2648 0.254376
2061 0.254355
2576 0.254355
2322 0.254335
1914 0.254315
2057 0.254295
2361 0.254295
2633 0.254295
1921 0.254275
1931 0.254275
2221 0.254275
2147 0.254255
2192 0.254255
2242 0.254255
2476 0.254255
2627 0.254255
2011 0.254235
2231 0.254235
2371 0.254235
2488 0.254235
2639 0.254235
1987 0.254214
2029 0.254214
2067 0.254214
2274 0.254214
2297 0.254214
2317 0.254214
2366 0.254214
2379 0.254214
2393 0.254214
2406 0.254214
1968 0.254194
2049 0.254194
2658 0.254194
1957 0.254174
2097 0.254174
2129 0.254174
2209 0.254174
2234 0.254174
2296 0.254174
2318 0.254174
2397 0.254174
2626 0.254174
2637 0.254174
1999 0.254154
2107 0.254154
2303 0.254154
2411 0.254154
2416 0.254154
2021 0.254134
2346 0.254134
2448 0.254134
1958 0.254114
2214 0.254114
2228 0.254114
2427 0.254114
2432 0.254114
2091 0.254094
2236 0.254094
2342 0.254094
2412 0.254094
2613 0.254094
2628 0.254094
2644 0.254094
1944 0.254074
2044 0.254074
2173 0.254074
2612 0.254074
2023 0.254054
2272 0.254054
2383 0.254054
2497 0.254054
2557 0.254034
1928 0.254013
2141 0.254013
2341 0.254013
2362 0.254013
2443 0.254013
2474 0.254013
2566 0.254013
2581 0.254013
1988 0.253993
2019 0.253993
2089 0.253993
2096 0.253993
2496 0.253993
2558 0.253993
2618 0.253993
1936 0.253973
2036 0.253973
2146 0.253973
2156 0.253973
2249 0.253973
2531 0.253973
2288 0.253953
2401 0.253953
2207 0.253933
2286 0.253933
1952 0.253913
2016 0.253913
2186 0.253913
2208 0.253913
2291 0.253913
2314 0.253913
2454 0.253913
2534 0.253913
2577 0.253913
2584 0.253913
2622 0.253913
1978 0.253893
1982 0.253893
2181 0.253893
2248 0.253893
2402 0.253893
2403 0.253893
2562 0.253893
2572 0.253893
2614 0.253893
2048 0.253873
2082 0.253873
2099 0.253873
2119 0.253873
2152 0.253873
2197 0.253873
2277 0.253873
2349 0.253873
2426 0.253873
2503 0.253873
2523 0.253873
2587 0.253873
2641 0.253873
2656 0.253873
2012 0.253853
2312 0.253853
2486 0.253853
2513 0.253853
2522 0.253853
2599 0.253853
1992 0.253833
2076 0.253833
2162 0.253833
2193 0.253833
2262 0.253833
2357 0.253833
2373 0.253833
2444 0.253833
2453 0.253833
2524 0.253833
2568 0.253833
1922 0.253813
2114 0.253813
2177 0.253813
2252 0.253813
2424 0.253813
1934 0.253793
2013 0.253793
2066 0.253793
2217 0.253793
2316 0.253793
2514 0.253793
1933 0.253773
1949 0.253773
1977 0.253773
2041 0.253773
2051 0.253773
2113 0.253773
2158 0.253773
2421 0.253773
2439 0.253773
2452 0.253773
2456 0.253773
2466 0.253773
2014 0.253753
2034 0.253753
2227 0.253753
2238 0.253753
2251 0.253753
2263 0.253753
2281 0.253753
2301 0.253753
2321 0.253753
2487 0.253753
2528 0.253753
1924 0.253733
1956 0.253733
1961 0.253733
1974 0.253733
2008 0.253733
2017 0.253733
2182 0.253733
2256 0.253733
2388 0.253733
2517 0.253733
2548 0.253733
2621 0.253733
2632 0.253733
2651 0.253733
2094 0.253712
2166 0.253712
2358 0.253712
2422 0.253712
2431 0.253712
2437 0.253712
2493 0.253712
2106 0.253692
2167 0.253692
2204 0.253692
2219 0.253692
2441 0.253692
2634 0.253692
1937 0.253672
1969 0.253672
1996 0.253672
2168 0.253672
2178 0.253672
2442 0.253672
2527 0.253672
2382 0.253652
2481 0.253652
2483 0.253652
2541 0.253652
2079 0.253632
2269 0.253632
2457 0.253632
2569 0.253632
2596 0.253632
2839 0.253512
3363 0.253372
3291 0.253332
2754 0.253292
3082 0.253173
3426 0.253173
2742 0.253153
3397 0.253153
3434 0.253133
2786 0.253073
2944 0.253053
2877 0.253013
2966 0.253013
3232 0.253013
3116 0.252993
3026 0.252973
3051 0.252973
2782 0.252953
2863 0.252953
2951 0.252953
3201 0.252933
2719 0.252913
2986 0.252913
2669 0.252893
2778 0.252893
2956 0.252893
3078 0.252893
3387 0.252893
2793 0.252874
2661 0.252854
2694 0.252814
2716 0.252814
3076 0.252814
2679 0.252794
2738 0.252794
3154 0.252794
3324 0.252794
3417 0.252794
3038 0.252774
2906 0.252754
3104 0.252734
3252 0.252734
2916 0.252714
2927 0.252714
3152 0.252714
2757 0.252695
2777 0.252695
2833 0.252695
3054 0.252695
3198 0.252695
3351 0.252695
2664 0.252655
2676 0.252655
2683 0.252655
2873 0.252655
2849 0.252635
2901 0.252635
3022 0.252635
3132 0.252635
3348 0.252635
2828 0.252615
2867 0.252615
2913 0.252615
2928 0.252615
3033 0.252615
3084 0.252615
3096 0.252615
3226 0.252595
3339 0.252595
3347 0.252595
3396 0.252595
2909 0.252575
2992 0.252575
3049 0.252575
3344 0.252575
3362 0.252575
2866 0.252555
2864 0.252536
2943 0.252536
3002 0.252536
3056 0.252536
3179 0.252536
2748 0.252516
2827 0.252516
2862 0.252516
2904 0.252516
3172 0.252516
3174 0.252516
3277 0.252516
3321 0.252516
2872 0.252496
2919 0.252496
2969 0.252496
2973 0.252496
3027 0.252496
3113 0.252496
2724 0.252476
2939 0.252476
3017 0.252476
3119 0.252476
3214 0.252476
3267 0.252476
3406 0.252476
2674 0.252456
2698 0.252456
3149 0.252456
3284 0.252456
3019 0.252436
3098 0.252436
3182 0.252436
3342 0.252436
2706 0.252417
2781 0.252417
2796 0.252417
2911 0.252417
2994 0.252417
3184 0.252417
3353 0.252417
2666 0.252397
3106 0.252397
2689 0.252377
2729 0.252377
2912 0.252377
2937 0.252377
2991 0.252377
3247 0.252377
3274 0.252377
3299 0.252377
3302 0.252377
2894 0.252357
3256 0.252357
3332 0.252357
3366 0.252357
3433 0.252357
2741 0.252337
2763 0.252337
2946 0.252337
2988 0.252337
3146 0.252337
3293 0.252337
3297 0.252337
3378 0.252337
2853 0.252317
2974 0.252317
2993 0.252317
3064 0.252317
3073 0.252317
3108 0.252317
3169 0.252317
3239 0.252317
3419 0.252317
2773 0.252298
2936 0.252298
3034 0.252298
3117 0.252298
3136 0.252298
3142 0.252298
3162 0.252298
3411 0.252298
2931 0.252278
3004 0.252278
3077 0.252278
3097 0.252278
3233 0.252278
2896 0.252258
3381 0.252258
3416 0.252258
3224 0.252238
3261 0.252238
3384 0.252238
2749 0.252218
2989 0.252218
3052 0.252218
3391 0.252218
2717 0.252198
2897 0.252198
3029 0.252198
3089 0.252198
3204 0.252198
3364 0.252198
2743 0.252179
2787 0.252179
2813 0.252179
3021 0.252179
3047 0.252179
3206 0.252179
3253 0.252179
3327 0.252179
2677 0.252159
2806 0.252159
3087 0.252159
3107 0.252159
3158 0.252159
3188 0.252159
2681 0.252139
2929 0.252139
3137 0.252139
3288 0.252139
2756 0.252119
3072 0.252119
3114 0.252119
3403 0.252119
2758 0.252100
3014 0.252100
3168 0.252100
3257 0.252100
2753 0.252080
2874 0.252080
3102 0.252080
3287 0.252080
3298 0.252080
3386 0.252080
3412 0.252080
2662 0.252060
2881 0.252060
3011 0.252060
3118 0.252060
2958 0.252040
3238 0.252040
3296 0.252040
3301 0.252040
2826 0.252020
2914 0.252020
2921 0.252020
3079 0.252020
3422 0.252020
2887 0.252001
3036 0.252001
3086 0.252001
3166 0.252001
3177 0.252001
3316 0.252001
3369 0.252001
2712 0.251981
2728 0.251981
2772 0.251981
2823 0.251981
3046 0.251981
3057 0.251981
3191 0.251981
3207 0.251981
3272 0.251981
3303 0.251981
3319 0.251981
2672 0.251961
2718 0.251961
2871 0.251961
2932 0.251961
2964 0.251961
2996 0.251961
2999 0.251961
3178 0.251961
3196 0.251961
2854 0.251941
2953 0.251941
2976 0.251941
3001 0.251941
3234 0.251941
3331 0.251941
2668 0.251922
2673 0.251922
2711 0.251922
2751 0.251922
2841 0.251922
2977 0.251922
3023 0.251922
3129 0.251922
3212 0.251922
3228 0.251922
3399 0.251922
2708 0.251902
2924 0.251902
3213 0.251902
3313 0.251902
3346 0.251902
2761 0.251882
2829 0.251882
2836 0.251882
3016 0.251882
3219 0.251882
3304 0.251882
3377 0.251882
2713 0.251862
2731 0.251862
2768 0.251862
2783 0.251862
2938 0.251862
3062 0.251862
3123 0.251862
3148 0.251862
3164 0.251862
3237 0.251862
3341 0.251862
2907 0.251843
3187 0.251843
3203 0.251843
2684 0.251823
2739 0.251823
2797 0.251823
2832 0.251823
3018 0.251823
3176 0.251823
3262 0.251823
3264 0.251823
3273 0.251823
3379 0.251823
3394 0.251823
2701 0.251803
2784 0.251803
2984 0.251803
2987 0.251803
3193 0.251803
3221 0.251803
3231 0.251803
3243 0.251803
3286 0.251803
2812 0.251783
2843 0.251783
2892 0.251783
2908 0.251783
3007 0.251783
3041 0.251783
3124 0.251783
3259 0.251783
3279 0.251783
2663 0.251764
2702 0.251764
2733 0.251764
2846 0.251764
2891 0.251764
3081 0.251764
3294 0.251764
3306 0.251764
2686 0.251744
2734 0.251744
2759 0.251744
2948 0.251744
2967 0.251744
2981 0.251744
3223 0.251744
3337 0.251744
2667 0.251724
2819 0.251724
2844 0.251724
3211 0.251724
3421 0.251724
3431 0.251724
2737 0.251704
2779 0.251704
2848 0.251704
2868 0.251704
2978 0.251704
3013 0.251704
3039 0.251704
3199 0.251704
3209 0.251704
3236 0.251704
3318 0.251704
3329 0.251704
3356 0.251704
3414 0.251704
3432 0.251704
2687 0.251685
2703 0.251685
2794 0.251685
2803 0.251685
2851 0.251685
2941 0.251685
2949 0.251685
3009 0.251685
3042 0.251685
3103 0.251685
3139 0.251685
3163 0.251685
3171 0.251685
3276 0.251685
3309 0.251685
2762 0.251665
2789 0.251665
2807 0.251665
2858 0.251665
2859 0.251665
2889 0.251665
2903 0.251665
2918 0.251665
2959 0.251665
2962 0.251665
2972 0.251665
3032 0.251665
3068 0.251665
3069 0.251665
3093 0.251665
3192 0.251665
3241 0.251665
3359 0.251665
3373 0.251665
3382 0.251665
3393 0.251665
2726 0.251645
2771 0.251645
2809 0.251645
2831 0.251645
2856 0.251645
2879 0.251645
2917 0.251645
2947 0.251645
2971 0.251645
3008 0.251645
3138 0.251645
3189 0.251645
3208 0.251645
3283 0.251645
3314 0.251645
3383 0.251645
3404 0.251645
3423 0.251645
2744 0.251626
2818 0.251626
2876 0.251626
2934 0.251626
2982 0.251626
2983 0.251626
3043 0.251626
3157 0.251626
3307 0.251626
3326 0.251626
3409 0.251626
2682 0.251606
2696 0.251606
2697 0.251606
2746 0.251606
2933 0.251606
2957 0.251606
3024 0.251606
3048 0.251606
3058 0.251606
3066 0.251606
3109 0.251606
3144 0.251606
3194 0.251606
3242 0.251606
3249 0.251606
3312 0.251606
3328 0.251606
3371 0.251606
3374 0.251606
3392 0.251606
3402 0.251606
2678 0.251586
2699 0.251586
2766 0.251586
2821 0.251586
2888 0.251586
2954 0.251586
3151 0.251586
3167 0.251586
3229 0.251586
3343 0.251586
3357 0.251586
2837 0.251566
2847 0.251566
2861 0.251566
2878 0.251566
2923 0.251566
2961 0.251566
2997 0.251566
3028 0.251566
3061 0.251566
3067 0.251566
3092 0.251566
3128 0.251566
3133 0.251566
3202 0.251566
3244 0.251566
3349 0.251566
2688 0.251547
2723 0.251547
2747 0.251547
2804 0.251547
2816 0.251547
2882 0.251547
2886 0.251547
3083 0.251547
3088 0.251547
3099 0.251547
3141 0.251547
3246 0.251547
3254 0.251547
3281 0.251547
3311 0.251547
3352 0.251547
3418 0.251547
2791 0.251527
2802 0.251527
2852 0.251527
2893 0.251527
2898 0.251527
2926 0.251527
2942 0.251527
3053 0.251527
3063 0.251527
3112 0.251527
3126 0.251527
3153 0.251527
3156 0.251527
3292 0.251527
3308 0.251527
3322 0.251527
3334 0.251527
3338 0.251527
3358 0.251527
3367 0.251527
3388 0.251527
3427 0.251527
3428 0.251527
2709 0.251507
2727 0.251507
2769 0.251507
2834 0.251507
3012 0.251507
3122 0.251507
3197 0.251507
3218 0.251507
3266 0.251507
3336 0.251507
3354 0.251507
3368 0.251507
3376 0.251507
3389 0.251507
3398 0.251507
3401 0.251507
3424 0.251507
2671 0.251488
2721 0.251488
2732 0.251488
2752 0.251488
2799 0.251488
2801 0.251488
2824 0.251488
2899 0.251488
3091 0.251488
3131 0.251488
3181 0.251488
3216 0.251488
3251 0.251488
3323 0.251488
3436 0.251488
2692 0.251468
2736 0.251468
2767 0.251468
2774 0.251468
2776 0.251468
2811 0.251468
2884 0.251468
2902 0.251468
3044 0.251468
3074 0.251468
3094 0.251468
3127 0.251468
3159 0.251468
3217 0.251468
3227 0.251468
3269 0.251468
3271 0.251468
3317 0.251468
3333 0.251468
3372 0.251468
2817 0.251448
2963 0.251448
3147 0.251448
3429 0.251448
2691 0.251429
2714 0.251429
2792 0.251429
2798 0.251429
2808 0.251429
2998 0.251429
3037 0.251429
3059 0.251429
3121 0.251429
3161 0.251429
3413 0.251429
2722 0.251409
2788 0.251409
2922 0.251409
2952 0.251409
3006 0.251409
3134 0.251409
3143 0.251409
3268 0.251409
3282 0.251409
3407 0.251409
3408 0.251409
2842 0.251389
2857 0.251389
3031 0.251389
3071 0.251389
3183 0.251389
217 0.250781
3861 0.250117
3454 0.250039
3487 0.249981
3723 0.249961
3961 0.249942
64 0.248703
189 0.248703
67 0.238014
21 0.237838
122 0.237767
339 0.236978
56 0.236856
324 0.235864
146 0.235122
163 0.230648
329 0.228320
304 0.227189
308 0.226580
322 0.226516
7 0.225863
213 0.225863
169 0.225483
103 0.224788
87 0.224631
246 0.224631
156 0.224490
202 0.219684
4031 0.217541
3989 0.217159
4011 0.217056
277 0.216194
252 0.216005
109 0.215701
313 0.215628
82 0.215354
271 0.215166
26 0.215080
332 0.214979
9 0.214965
203 0.214950
239 0.214936
166 0.214835
98 0.214821
188 0.214735
199 0.214720
113 0.214577
342 0.214562
323 0.214548
13 0.214548
248 0.214534
128 0.214405
297 0.214376
261 0.214305
148 0.214262
331 0.214076
1 0.214048
132 0.214048
79 0.213891
39 0.213891
176 0.213706
318 0.213692
48 0.213351
698 0.212546
27 0.212392
862 0.210485
857 0.210347
3938 0.208883
3596 0.208856
3604 0.208775
3684 0.208707
3633 0.208693
3948 0.208626
3756 0.208612
3838 0.208612
3456 0.208599
3877 0.208599
3577 0.208571
3851 0.208571
3611 0.208558
3793 0.208558
3677 0.208544
3521 0.208531
3584 0.208531
3593 0.208531
3501 0.208517
3506 0.208504
3824 0.208504
3906 0.208490
3449 0.208477
3734 0.208477
3586 0.208463
3758 0.208463
3797 0.208463
3966 0.208463
3448 0.208450
3924 0.208450
3968 0.208450
3488 0.208436
3672 0.208436
3804 0.208436
3971 0.208436
3902 0.208423
3558 0.208409
3873 0.208409
3842 0.208396
3926 0.208396
3442 0.208382
3576 0.208382
3692 0.208382
3951 0.208382
3794 0.208368
3962 0.208368
3514 0.208355
3529 0.208355
3568 0.208355
3731 0.208355
3737 0.208355
3829 0.208355
3833 0.208355
3947 0.208355
3674 0.208341
3702 0.208341
3826 0.208328
3884 0.208328
3918 0.208328
3528 0.208314
3542 0.208314
3617 0.208314
3738 0.208314
3782 0.208314
3841 0.208314
3869 0.208314
3486 0.208301
3553 0.208301
3651 0.208301
3693 0.208301
3711 0.208301
3721 0.208301
3822 0.208301
3464 0.208287
3559 0.208287
3609 0.208287
3629 0.208287
3722 0.208287
3858 0.208287
3468 0.208274
3557 0.208274
3569 0.208274
3687 0.208274
3469 0.208260
3518 0.208260
3718 0.208260
3764 0.208260
3821 0.208260
3828 0.208260
3886 0.208260
3969 0.208260
3463 0.208247
3466 0.208247
3526 0.208247
3599 0.208247
3714 0.208247
3728 0.208247
3831 0.208247
3891 0.208247
3438 0.208233
3497 0.208233
3509 0.208233
3706 0.208233
3719 0.208233
3852 0.208233
3921 0.208233
3943 0.208233
3956 0.208233
3491 0.208220
3527 0.208220
3628 0.208220
3643 0.208220
3648 0.208220
3707 0.208220
3896 0.208220
3909 0.208220
3443 0.208206
3458 0.208206
3462 0.208206
3471 0.208206
3508 0.208206
3534 0.208206
3573 0.208206
3713 0.208206
3753 0.208206
3768 0.208206
3836 0.208206
3927 0.208206
3933 0.208206
3499 0.208193
3511 0.208193
3538 0.208193
3554 0.208193
3578 0.208193
3601 0.208193
3634 0.208193
3656 0.208193
3667 0.208193
3697 0.208193
3747 0.208193
3761 0.208193
3779 0.208193
3791 0.208193
3803 0.208193
3903 0.208193
3931 0.208193
3493 0.208179
3517 0.208179
3618 0.208179
3623 0.208179
3636 0.208179
3642 0.208179
3743 0.208179
3786 0.208179
3866 0.208179
3867 0.208179
3907 0.208179
3452 0.208166
3473 0.208166
3591 0.208166
3646 0.208166
3741 0.208166
3752 0.208166
3868 0.208166
3972 0.208166
3474 0.208152
3496 0.208152
3546 0.208152
3563 0.208152
3564 0.208152
3612 0.208152
3658 0.208152
3662 0.208152
3683 0.208152
3698 0.208152
3757 0.208152
3759 0.208152
3762 0.208152
3774 0.208152
3776 0.208152
3792 0.208152
3837 0.208152
3862 0.208152
3881 0.208152
3898 0.208152
3957 0.208152
3478 0.208139
3479 0.208139
3484 0.208139
3519 0.208139
3524 0.208139
3532 0.208139
3562 0.208139
3571 0.208139
3579 0.208139
3587 0.208139
3592 0.208139
3613 0.208139
3627 0.208139
3649 0.208139
3726 0.208139
3739 0.208139
3799 0.208139
3809 0.208139
3818 0.208139
3823 0.208139
3874 0.208139
3883 0.208139
3889 0.208139
3912 0.208139
3917 0.208139
3976 0.208139
3476 0.208125
3481 0.208125
3498 0.208125
3516 0.208125
3523 0.208125
3533 0.208125
3549 0.208125
3567 0.208125
3602 0.208125
3608 0.208125
3616 0.208125
3621 0.208125
3624 0.208125
3708 0.208125
3784 0.208125
3802 0.208125
3892 0.208125
3929 0.208125
3937 0.208125
3964 0.208125
3967 0.208125
3459 0.208112
3472 0.208112
3483 0.208112
3536 0.208112
3561 0.208112
3574 0.208112
3581 0.208112
3622 0.208112
3638 0.208112
3657 0.208112
3696 0.208112
3701 0.208112
3703 0.208112
3778 0.208112
3788 0.208112
3817 0.208112
3819 0.208112
3913 0.208112
3482 0.208098
3541 0.208098
3547 0.208098
3556 0.208098
3594 0.208098
3626 0.208098
3631 0.208098
3639 0.208098
3679 0.208098
3736 0.208098
3763 0.208098
3769 0.208098
3773 0.208098
3847 0.208098
3872 0.208098
3919 0.208098
3944 0.208098
3949 0.208098
3979 0.208098
3439 0.208085
3503 0.208085
3644 0.208085
3663 0.208085
3668 0.208085
3766 0.208085
3777 0.208085
3783 0.208085
3857 0.208085
3863 0.208085
3446 0.208072
3492 0.208072
3512 0.208072
3531 0.208072
3583 0.208072
3598 0.208072
3647 0.208072
3654 0.208072
3671 0.208072
3682 0.208072
3712 0.208072
3767 0.208072
3796 0.208072
3878 0.208072
3888 0.208072
3901 0.208072
3932 0.208072
3934 0.208072
3973 0.208072
3504 0.208058
3507 0.208058
3522 0.208058
3539 0.208058
3543 0.208058
3548 0.208058
3566 0.208058
3572 0.208058
3603 0.208058
3607 0.208058
3614 0.208058
3659 0.208058
3664 0.208058
3666 0.208058
3681 0.208058
3716 0.208058
3754 0.208058
3789 0.208058
3814 0.208058
3832 0.208058
3834 0.208058
3871 0.208058
3876 0.208058
3894 0.208058
3904 0.208058
3914 0.208058
3958 0.208058
3441 0.208045
3461 0.208045
3502 0.208045
3513 0.208045
3551 0.208045
3641 0.208045
3661 0.208045
3724 0.208045
3772 0.208045
3812 0.208045
3827 0.208045
3848 0.208045
3899 0.208045
3923 0.208045
3963 0.208045
3444 0.208031
3447 0.208031
3457 0.208031
3477 0.208031
3632 0.208031
3652 0.208031
3669 0.208031
3678 0.208031
3727 0.208031
3742 0.208031
3749 0.208031
3751 0.208031
3771 0.208031
3806 0.208031
3813 0.208031
3839 0.208031
3843 0.208031
3844 0.208031
3849 0.208031
3859 0.208031
3864 0.208031
3893 0.208031
3908 0.208031
3911 0.208031
3916 0.208031
3936 0.208031
3941 0.208031
3977 0.208031
3537 0.208018
3544 0.208018
3552 0.208018
3606 0.208018
3637 0.208018
3694 0.208018
3787 0.208018
3887 0.208018
3897 0.208018
3939 0.208018
3952 0.208018
3954 0.208018
3489 0.208004
3582 0.208004
3588 0.208004
3597 0.208004
3653 0.208004
3673 0.208004
3676 0.208004
3689 0.208004
3699 0.208004
3733 0.208004
3781 0.208004
3811 0.208004
3816 0.208004
3882 0.208004
3928 0.208004
3946 0.208004
3467 0.207991
3494 0.207991
3589 0.207991
3686 0.207991
3688 0.207991
3704 0.207991
3717 0.207991
3744 0.207991
3746 0.207991
3801 0.207991
3807 0.207991
3808 0.207991
3846 0.207991
3854 0.207991
3879 0.207991
3922 0.207991
3942 0.207991
3953 0.207991
3959 0.207991
3978 0.207991
3451 0.207977
3453 0.207977
3619 0.207977
3691 0.207977
3709 0.207977
3729 0.207977
3732 0.207977
3748 0.207977
3798 0.207977
3853 0.207977
3856 0.207977
3974 0.207977
81 0.207467
249 0.206692
54 0.205529
208 0.205384
229 0.204899
291 0.196971
272 0.196321
172 0.196141
72 0.195842
231 0.195806
204 0.195448
184 0.195330
57 0.195318
31 0.195235
284 0.195175
197 0.195092
196 0.195080
142 0.194797
236 0.194773
53 0.194761
178 0.194714
84 0.194702
242 0.194667
224 0.194572
106 0.194349
276 0.194325
186 0.194055
161 0.193961
168 0.193950
118 0.193950
334 0.193868
158 0.193856
104 0.193844
141 0.193798
232 0.193786
134 0.193762
88 0.193727
338 0.193727
211 0.193716
62 0.193657
223 0.193634
303 0.193634
66 0.193541
133 0.193471
212 0.193471
257 0.193424
341 0.193412
238 0.193412
129 0.193389
123 0.193389
159 0.193319
38 0.193261
258 0.193238
59 0.193168
22 0.193110
127 0.193098
69 0.193064
281 0.193029
121 0.193017
222 0.193017
3 0.192982
108 0.192948
251 0.192901
63 0.192890
344 0.192867
347 0.192797
274 0.192786
96 0.192762
221 0.192278
207 0.192243
298 0.192232
126 0.192117
152 0.191990
317 0.191750
301 0.191122
16 0.187869
346 0.187005
302 0.186538
299 0.186527
92 0.186495
194 0.186473
4023 0.179411
4038 0.179281
4002 0.179241
4004 0.179181
4013 0.179171
4027 0.179101
3991 0.178912
314 0.178504
29 0.178365
268 0.178296
311 0.178167
294 0.178029
686 0.177930
77 0.177312
73 0.177243
828 0.177224
713 0.177155
234 0.177126
719 0.177087
747 0.177018
823 0.177009
288 0.176979
697 0.176970
703 0.176931
856 0.176901
774 0.176882
819 0.176872
708 0.176814
804 0.176755
729 0.176726
772 0.176726
753 0.176717
769 0.176717
803 0.176707
776 0.176678
811 0.176668
798 0.176658
869 0.175769
868 0.175682
889 0.175682
863 0.175673
876 0.175673
861 0.175663
878 0.175663
888 0.175654
882 0.175644
886 0.175596
871 0.175586
864 0.175577
893 0.175577
867 0.175557
872 0.175548
874 0.175548
873 0.175538
879 0.175538
881 0.175538
887 0.175538
866 0.175529
858 0.175519
877 0.175519
884 0.175519
894 0.175519
859 0.175500
883 0.175500
891 0.175500
892 0.175500
254 0.172373
266 0.172364
101 0.172318
94 0.172308
24 0.172234
187 0.172096
286 0.172022
51 0.164752
83 0.164752
237 0.164752
117 0.164137
139 0.163995
206 0.163944
36 0.163761
309 0.163752
191 0.163195
283 0.162773
164 0.162468
336 0.162468
183 0.162288
228 0.162042
4 0.161334
181 0.161334
47 0.160632
3998 0.152488
3982 0.152473
4014 0.152466
3997 0.152437
3994 0.152423
4009 0.152408
3981 0.152372
4018 0.152350
4003 0.152343
4034 0.152278
3996 0.152264
3993 0.152199
4006 0.152055
4032 0.152055
824 0.151538
247 0.151524
688 0.151524
728 0.151495
694 0.151488
724 0.151488
781 0.151488
827 0.151467
853 0.151438
687 0.151431
784 0.151431
849 0.151431
834 0.151424
752 0.151417
773 0.151417
829 0.151402
842 0.151402
807 0.151395
726 0.151388
766 0.151388
838 0.151388
696 0.151374
739 0.151374
764 0.151374
787 0.151374
797 0.151367
718 0.151360
754 0.151360
727 0.151352
782 0.151352
731 0.151345
738 0.151338
814 0.151338
817 0.151338
847 0.151338
848 0.151338
734 0.151331
763 0.151331
701 0.151324
758 0.151324
793 0.151324
792 0.151317
711 0.151310
748 0.151310
809 0.151310
833 0.151310
768 0.151302
777 0.151302
779 0.151302
783 0.151302
818 0.151302
822 0.151302
839 0.151302
709 0.151295
712 0.151295
714 0.151295
732 0.151295
736 0.151295
771 0.151295
778 0.151295
789 0.151295
806 0.151295
693 0.151288
706 0.151288
741 0.151288
742 0.151288
722 0.151281
843 0.151281
707 0.151274
737 0.151274
826 0.151274
831 0.151274
836 0.151274
844 0.151274
716 0.151267
723 0.151267
746 0.151267
756 0.151267
759 0.151267
762 0.151267
786 0.151267
794 0.151267
821 0.151267
837 0.151267
689 0.151260
751 0.151260
767 0.151260
813 0.151260
816 0.151260
702 0.151253
733 0.151253
791 0.151253
796 0.151253
799 0.151253
812 0.151253
691 0.151245
808 0.151245
721 0.151238
761 0.151238
802 0.151238
704 0.151231
788 0.151231
846 0.151231
717 0.151224
743 0.151224
757 0.151224
851 0.151224
852 0.151224
854 0.151224
699 0.151217
744 0.151217
749 0.151217
832 0.151217
692 0.151210
801 0.151210
841 0.151210
23 0.142389
78 0.139084
218 0.139084
273 0.139084
306 0.139084
328 0.139084
4021 0.132557
3986 0.132514
4019 0.132508
4026 0.132486
4017 0.132486
4037 0.132470
3988 0.132459
3999 0.132443
4028 0.132263
227 0.125068
116 0.125058
144 0.125044
99 0.124917
61 0.124806
124 0.124757
267 0.124748
4033 0.117102
3983 0.117081
3992 0.117081
4036 0.117047
19 0.111543
312 0.111520
41 0.111512
343 0.111489
214 0.111485
17 0.111474
326 0.111408
14 0.111381
226 0.111377
149 0.111369
28 0.111369
2 0.111354
151 0.111350
162 0.111350
143 0.111284
177 0.111284
278 0.111280
68 0.111277
131 0.111273
263 0.111265
296 0.111265
86 0.111261
102 0.111261
193 0.111080
157 0.111004
289 0.100472
137 0.100460
89 0.100453
319 0.100453
111 0.100453
243 0.100435
337 0.100428
174 0.100425
112 0.100422
293 0.100422
93 0.100422
44 0.100422
138 0.100419
333 0.100410
262 0.100400
46 0.100218
321 0.100209
8 0.100062
91 0.100062
259 0.100062
167 0.091359
219 0.091354
32 0.091354
6 0.091351
147 0.091351
327 0.091343
279 0.091341
216 0.091325
201 0.091022
264 0.091022
154 0.083755
