3437 0.009072
107 0.007993
1684 0.007799
1912 0.004434
348 0.003098
686 0.002745
414 0.002364
698 0.001499
483 0.001406
376 0.001186
828 0.001139
3596 0.001133
56 0.001102
3684 0.001087
3604 0.001050
428 0.001036
412 0.001030
1888 0.001024
192 0.001011
1472 0.000998
3756 0.000962
3948 0.000955
252 0.000940
88 0.000936
3256 0.000933
1352 0.000921
1584 0.000918
896 0.000917
136 0.000913
2384 0.000905
3938 0.000899
824 0.000898
856 0.000896
3116 0.000893
304 0.000880
67 0.000870
484 0.000868
2047 0.000864
271 0.000864
917 0.000861
1536 0.000859
2716 0.000854
3672 0.000848
1768 0.000845
3584 0.000840
1104 0.000835
713 0.000826
312 0.000824
3076 0.000819
3152 0.000819
2328 0.000818
3456 0.000817
3521 0.000812
1804 0.000807
272 0.000806
119 0.000803
1204 0.000802
3291 0.000801
3633 0.000801
21 0.000798
26 0.000794
592 0.000793
1612 0.000791
188 0.000790
332 0.000790
172 0.000790
122 0.000790
2724 0.000782
3968 0.000776
637 0.000775
3232 0.000775
2904 0.000773
1964 0.000768
724 0.000766
1192 0.000756
2032 0.000753
517 0.000753
2951 0.000753
1783 0.000752
322 0.000752
3072 0.000750
2292 0.000750
2543 0.000749
1376 0.000746
3824 0.000745
2336 0.000737
3324 0.000735
2268 0.000735
199 0.000734
2944 0.000733
688 0.000731
3252 0.000730
363 0.000729
436 0.000726
3172 0.000723
544 0.000722
1876 0.000721
3677 0.000721
1184 0.000721
277 0.000720
3132 0.000717
3448 0.000716
3396 0.000716
2992 0.000715
3616 0.000715
2068 0.000713
2313 0.000710
2828 0.000709
492 0.000709
236 0.000704
1663 0.000702
1736 0.000701
1516 0.000700
3136 0.000700
719 0.000698
3488 0.000698
256 0.000694
4012 0.000694
4016 0.000694
244 0.000694
2748 0.000693
1052 0.000693
1604 0.000692
2072 0.000691
1628 0.000689
1596 0.000689
2839 0.000685
3101 0.000685
3397 0.000684
1086 0.000684
2347 0.000683
1032 0.000683
2742 0.000682
563 0.000680
3804 0.000680
2956 0.000679
3082 0.000678
3344 0.000678
916 0.000677
3434 0.000676
3104 0.000674
3996 0.000674
3692 0.000674
1431 0.000673
728 0.000671
1277 0.000671
848 0.000671
2916 0.000671
556 0.000670
1504 0.000669
239 0.000669
1256 0.000668
456 0.000666
1132 0.000664
3838 0.000664
2176 0.000663
1456 0.000659
1488 0.000658
9 0.000658
3924 0.000656
747 0.000656
3051 0.000654
52 0.000654
2344 0.000651
1076 0.000651
2664 0.000649
2592 0.000649
3576 0.000648
1548 0.000648
3568 0.000647
1636 0.000647
4 0.000647
3508 0.000645
2676 0.000643
2796 0.000641
2224 0.000640
3096 0.000640
1816 0.000640
373 0.000639
3464 0.000639
524 0.000637
2928 0.000636
2324 0.000634
2468 0.000633
2088 0.000633
1844 0.000631
224 0.000631
2464 0.000630
3348 0.000630
3332 0.000629
408 0.000629
2184 0.000628
1591 0.000627
3214 0.000625
2244 0.000625
353 0.000624
404 0.000623
2111 0.000623
2604 0.000623
366 0.000623
2172 0.000622
2754 0.000621
8 0.000621
2199 0.000620
1199 0.000620
2428 0.000620
559 0.000620
1827 0.000618
2863 0.000617
2289 0.000616
2936 0.000616
3918 0.000616
3577 0.000616
1124 0.000616
3851 0.000616
1148 0.000615
1668 0.000615
2133 0.000615
2624 0.000615
1576 0.000614
513 0.000614
784 0.000613
2188 0.000613
1004 0.000612
3363 0.000609
2052 0.000609
504 0.000608
1972 0.000608
3154 0.000608
116 0.000608
3084 0.000606
596 0.000605
1752 0.000604
2376 0.000604
104 0.000604
2564 0.000603
3877 0.000602
2512 0.000602
1589 0.000602
1948 0.000601
3196 0.000600
1416 0.000599
2778 0.000599
2864 0.000598
432 0.000597
606 0.000597
2196 0.000596
1746 0.000596
3611 0.000595
2128 0.000595
3056 0.000595
49 0.000594
1216 0.000594
1868 0.000592
3528 0.000592
1984 0.000591
2616 0.000591
3188 0.000591
2064 0.000591
2372 0.000591
2132 0.000590
2772 0.000589
752 0.000589
203 0.000589
1236 0.000589
3264 0.000589
3884 0.000588
2332 0.000588
2492 0.000588
2116 0.000587
3956 0.000586
1703 0.000586
1126 0.000585
1496 0.000584
444 0.000584
2608 0.000583
2836 0.000582
2364 0.000582
566 0.000582
1824 0.000582
3412 0.000581
3442 0.000580
3284 0.000580
823 0.000580
3224 0.000579
1452 0.000579
1688 0.000579
1864 0.000579
3416 0.000578
3168 0.000578
2872 0.000577
431 0.000577
2028 0.000577
3728 0.000577
2661 0.000577
553 0.000575
2932 0.000574
1712 0.000574
1284 0.000574
3468 0.000574
1624 0.000573
2104 0.000573
2124 0.000573
2081 0.000573
1716 0.000572
144 0.000572
804 0.000571
1172 0.000571
3836 0.000571
3764 0.000570
1577 0.000569
924 0.000568
3248 0.000568
3628 0.000567
184 0.000567
2404 0.000567
496 0.000566
128 0.000565
2356 0.000565
1428 0.000565
2084 0.000565
538 0.000564
1692 0.000564
1608 0.000563
1941 0.000562
697 0.000561
3204 0.000561
2719 0.000561
1156 0.000560
2508 0.000560
2352 0.000559
3426 0.000559
2793 0.000559
1128 0.000559
1048 0.000559
1036 0.000559
3272 0.000559
1828 0.000558
1136 0.000558
694 0.000558
1583 0.000558
3184 0.000557
1396 0.000557
2108 0.000556
2896 0.000556
1348 0.000556
1468 0.000555
233 0.000555
3987 0.000555
4007 0.000555
282 0.000555
3776 0.000554
1932 0.000554
992 0.000554
41 0.000553
464 0.000552
636 0.000552
561 0.000551
764 0.000550
2436 0.000550
72 0.000549
3501 0.000549
2333 0.000548
3038 0.000548
2232 0.000548
708 0.000548
422 0.000545
1616 0.000545
328 0.000545
3288 0.000545
2412 0.000545
1718 0.000544
736 0.000544
3648 0.000544
2282 0.000543
2054 0.000542
2112 0.000542
3734 0.000541
3799 0.000541
232 0.000541
1916 0.000541
2308 0.000540
2408 0.000540
1833 0.000540
1344 0.000539
944 0.000538
438 0.000537
3592 0.000537
2488 0.000537
1014 0.000537
2912 0.000536
1399 0.000536
1292 0.000536
1613 0.000536
3027 0.000536
1714 0.000535
2588 0.000535
3201 0.000535
1377 0.000534
2283 0.000534
2284 0.000534
3793 0.000533
2668 0.000533
2276 0.000532
3932 0.000532
696 0.000531
3077 0.000531
3108 0.000531
1786 0.000531
2148 0.000531
1078 0.000530
3198 0.000530
1448 0.000530
92 0.000530
2996 0.000530
1709 0.000529
1459 0.000529
3002 0.000529
324 0.000529
2598 0.000529
1707 0.000529
284 0.000528
2024 0.000528
3828 0.000528
2368 0.000528
2007 0.000527
3052 0.000527
2516 0.000527
968 0.000527
2472 0.000526
1872 0.000526
2988 0.000526
3296 0.000526
98 0.000525
368 0.000524
1144 0.000524
2504 0.000524
2644 0.000524
946 0.000524
2728 0.000524
644 0.000523
1304 0.000523
1568 0.000523
3302 0.000523
2348 0.000522
3064 0.000522
1366 0.000522
3556 0.000520
1288 0.000520
2117 0.000519
3586 0.000518
1559 0.000518
1188 0.000518
1988 0.000517
497 0.000517
3004 0.000517
1232 0.000517
308 0.000515
1621 0.000515
1404 0.000514
1622 0.000514
3797 0.000514
1322 0.000514
3384 0.000514
526 0.000513
1432 0.000513
3868 0.000513
1469 0.000513
781 0.000512
1024 0.000512
2901 0.000511
2144 0.000510
2832 0.000510
712 0.000509
3449 0.000509
1072 0.000509
2087 0.000508
1367 0.000508
452 0.000508
3674 0.000507
388 0.000507
2266 0.000506
212 0.000505
1904 0.000504
964 0.000504
3888 0.000503
1064 0.000503
1732 0.000503
506 0.000503
732 0.000503
604 0.000503
3019 0.000503
2304 0.000503
3017 0.000503
2694 0.000502
1059 0.000502
2212 0.000502
1656 0.000501
204 0.000501
2004 0.000500
1338 0.000500
2448 0.000500
2228 0.000500
1471 0.000500
1391 0.000499
364 0.000499
567 0.000498
908 0.000498
3016 0.000498
952 0.000498
2782 0.000497
248 0.000497
2056 0.000497
3364 0.000497
392 0.000497
768 0.000497
48 0.000497
1211 0.000496
2216 0.000496
651 0.000495
2833 0.000495
108 0.000495
3852 0.000495
3716 0.000495
876 0.000495
1976 0.000494
1926 0.000493
1328 0.000493
3263 0.000492
3638 0.000492
2484 0.000492
3316 0.000492
28 0.000491
2556 0.000491
776 0.000491
2236 0.000491
3842 0.000490
1648 0.000490
2784 0.000490
2786 0.000490
3212 0.000489
3496 0.000489
3233 0.000489
1272 0.000489
3351 0.000489
3966 0.000488
3342 0.000488
2264 0.000487
684 0.000487
2628 0.000487
1632 0.000486
2396 0.000485
532 0.000485
3896 0.000485
1108 0.000485
1588 0.000484
3656 0.000484
3971 0.000483
2712 0.000482
3176 0.000482
2756 0.000482
3912 0.000482
3162 0.000482
2187 0.000482
827 0.000481
1791 0.000481
291 0.000480
1652 0.000480
276 0.000480
3758 0.000480
3327 0.000480
2672 0.000480
384 0.000479
552 0.000479
488 0.000479
264 0.000479
2877 0.000478
616 0.000478
1812 0.000477
3274 0.000477
3593 0.000477
579 0.000477
1312 0.000476
3544 0.000476
2509 0.000476
3964 0.000475
1573 0.000475
186 0.000475
2976 0.000475
3696 0.000474
1436 0.000474
2156 0.000473
1388 0.000473
2764 0.000473
3768 0.000473
3848 0.000473
1644 0.000473
3972 0.000472
2986 0.000472
1796 0.000472
3906 0.000471
2669 0.000471
1676 0.000471
3636 0.000471
3873 0.000471
1551 0.000470
1808 0.000470
2812 0.000470
2738 0.000470
564 0.000469
512 0.000468
2648 0.000468
2777 0.000468
1871 0.000468
1444 0.000467
3892 0.000466
1839 0.000466
3353 0.000466
2768 0.000466
3536 0.000466
792 0.000466
664 0.000466
2233 0.000466
2142 0.000465
378 0.000465
3347 0.000464
984 0.000464
3026 0.000464
3612 0.000464
1212 0.000463
148 0.000463
1557 0.000462
2708 0.000462
3124 0.000462
2552 0.000461
3752 0.000461
1724 0.000461
3087 0.000460
2984 0.000460
3148 0.000460
2642 0.000460
1799 0.000459
703 0.000458
2946 0.000458
3553 0.000458
1392 0.000458
3472 0.000458
2849 0.000458
2611 0.000458
2966 0.000457
1227 0.000457
1238 0.000457
3028 0.000457
1522 0.000456
1462 0.000456
1528 0.000456
864 0.000455
2758 0.000455
3236 0.000454
3708 0.000454
3652 0.000454
2152 0.000454
888 0.000454
3078 0.000454
936 0.000454
3321 0.000454
3304 0.000452
1512 0.000452
3476 0.000452
352 0.000452
2138 0.000452
3506 0.000452
2927 0.000452
3366 0.000451
2511 0.000451
2229 0.000450
1028 0.000450
1848 0.000450
2471 0.000450
1373 0.000450
988 0.000449
2532 0.000449
2153 0.000449
3902 0.000448
374 0.000448
1332 0.000448
3452 0.000448
503 0.000448
3187 0.000447
1936 0.000446
1041 0.000446
3844 0.000446
118 0.000446
1744 0.000446
53 0.000445
171 0.000445
948 0.000445
1324 0.000444
1056 0.000444
3891 0.000444
36 0.000443
2038 0.000443
3737 0.000442
1012 0.000442
993 0.000442
548 0.000442
3036 0.000442
2294 0.000441
1424 0.000441
2892 0.000441
3608 0.000440
3049 0.000440
3564 0.000440
2296 0.000440
24 0.000440
3387 0.000439
2684 0.000439
3369 0.000439
1356 0.000439
872 0.000439
2192 0.000438
1772 0.000438
1331 0.000438
1756 0.000438
588 0.000437
213 0.000437
1308 0.000437
3532 0.000437
1742 0.000437
391 0.000436
748 0.000436
1159 0.000436
2781 0.000436
536 0.000435
772 0.000435
3253 0.000435
113 0.000434
2732 0.000434
3032 0.000434
68 0.000434
3529 0.000433
1672 0.000433
2848 0.000433
1017 0.000432
1813 0.000432
3277 0.000432
3208 0.000432
1368 0.000431
1479 0.000431
3872 0.000431
3962 0.000431
2102 0.000431
3524 0.000430
1661 0.000430
4028 0.000429
2636 0.000429
1316 0.000429
419 0.000429
2164 0.000428
3328 0.000428
2444 0.000428
3484 0.000428
1482 0.000428
2463 0.000428
3624 0.000428
396 0.000428
1228 0.000428
632 0.000428
912 0.000427
2844 0.000427
3644 0.000427
1893 0.000427
904 0.000427
82 0.000427
261 0.000427
3548 0.000426
654 0.000425
2149 0.000425
3113 0.000425
1554 0.000425
2183 0.000425
1408 0.000425
2279 0.000425
2894 0.000424
3829 0.000424
2869 0.000424
1729 0.000424
612 0.000424
3276 0.000424
2392 0.000424
142 0.000424
3128 0.000423
1006 0.000423
493 0.000423
3722 0.000423
3179 0.000423
181 0.000422
573 0.000422
3926 0.000422
1358 0.000422
84 0.000422
584 0.000421
2868 0.000421
1761 0.000421
2174 0.000421
3182 0.000421
3792 0.000421
2924 0.000420
2309 0.000419
816 0.000419
2526 0.000419
1788 0.000419
1336 0.000418
3411 0.000418
1067 0.000418
1757 0.000418
2679 0.000418
2629 0.000418
514 0.000418
296 0.000417
132 0.000417
3904 0.000416
4004 0.000416
2909 0.000415
2674 0.000415
2973 0.000415
1983 0.000415
1603 0.000415
124 0.000414
1884 0.000414
1112 0.000414
3406 0.000414
1508 0.000414
1687 0.000414
3228 0.000414
2136 0.000413
884 0.000413
1992 0.000412
2076 0.000412
2757 0.000412
1728 0.000412
932 0.000411
1793 0.000411
3144 0.000411
3356 0.000411
1068 0.000410
1879 0.000410
1598 0.000410
4027 0.000410
2416 0.000410
3267 0.000409
3299 0.000409
1899 0.000409
2856 0.000408
1947 0.000408
343 0.000408
3492 0.000408
1107 0.000407
2206 0.000407
2327 0.000407
2876 0.000407
3514 0.000406
1784 0.000406
3226 0.000406
2126 0.000406
91 0.000406
259 0.000406
2906 0.000405
819 0.000405
2319 0.000405
1361 0.000404
1662 0.000404
1329 0.000404
1968 0.000404
2247 0.000404
109 0.000404
516 0.000404
853 0.000404
2652 0.000403
3629 0.000403
1447 0.000403
1717 0.000403
417 0.000403
1153 0.000403
476 0.000403
3372 0.000403
3404 0.000403
3976 0.000403
3664 0.000403
1787 0.000403
19 0.000402
3378 0.000402
23 0.000402
2461 0.000402
1066 0.000401
1944 0.000401
3417 0.000401
2964 0.000401
2302 0.000401
2127 0.000401
1231 0.000400
1044 0.000399
834 0.000399
774 0.000399
2649 0.000399
2948 0.000399
1222 0.000398
2696 0.000398
3054 0.000398
4023 0.000398
956 0.000397
3048 0.000397
2507 0.000397
3784 0.000397
1572 0.000397
2189 0.000396
3841 0.000396
2241 0.000395
196 0.000395
3068 0.000394
1347 0.000394
3702 0.000394
844 0.000393
416 0.000393
507 0.000393
1993 0.000393
976 0.000393
1092 0.000393
1832 0.000392
1464 0.000392
472 0.000392
3998 0.000392
1733 0.000392
3788 0.000392
2491 0.000392
1502 0.000391
676 0.000391
1857 0.000391
2939 0.000391
3192 0.000391
2248 0.000391
3676 0.000391
1611 0.000390
2071 0.000390
2103 0.000390
1146 0.000389
1592 0.000389
862 0.000388
1524 0.000388
326 0.000388
3107 0.000388
1491 0.000387
2092 0.000387
3558 0.000387
3668 0.000387
2602 0.000387
2776 0.000387
2078 0.000387
542 0.000386
3022 0.000386
3466 0.000386
329 0.000386
3216 0.000386
243 0.000386
928 0.000386
2123 0.000385
152 0.000385
2937 0.000385
3736 0.000385
1412 0.000385
176 0.000384
3944 0.000384
2218 0.000384
829 0.000384
1221 0.000383
423 0.000383
323 0.000383
4036 0.000383
3908 0.000382
2432 0.000382
2612 0.000382
1831 0.000382
3156 0.000381
3617 0.000381
2972 0.000381
1016 0.000381
2908 0.000380
3738 0.000380
2073 0.000380
1101 0.000380
2131 0.000380
3033 0.000379
372 0.000379
3312 0.000379
3368 0.000379
3933 0.000379
2419 0.000378
3012 0.000378
1574 0.000378
1269 0.000378
1837 0.000377
716 0.000377
1764 0.000377
1384 0.000377
3444 0.000377
2607 0.000377
313 0.000377
1298 0.000377
2542 0.000376
2369 0.000376
773 0.000376
168 0.000376
1852 0.000376
2536 0.000375
3791 0.000375
3731 0.000375
1261 0.000375
3298 0.000374
1896 0.000374
1748 0.000374
137 0.000374
1158 0.000374
2398 0.000374
2498 0.000374
836 0.000373
942 0.000373
1296 0.000373
617 0.000373
3336 0.000373
2787 0.000373
2913 0.000373
2544 0.000373
1532 0.000373
1669 0.000373
2272 0.000373
508 0.000372
947 0.000372
4017 0.000372
1683 0.000372
424 0.000371
1224 0.000371
3008 0.000371
2744 0.000370
1938 0.000370
2576 0.000370
3952 0.000369
1823 0.000369
1689 0.000369
3024 0.000369
2169 0.000368
628 0.000368
1079 0.000368
726 0.000367
2053 0.000367
1943 0.000366
3244 0.000366
3362 0.000366
1097 0.000366
339 0.000366
1867 0.000365
344 0.000365
3988 0.000365
2919 0.000365
3504 0.000365
32 0.000365
1259 0.000365
1928 0.000364
2656 0.000364
1704 0.000364
1173 0.000364
2036 0.000364
1467 0.000364
2943 0.000364
787 0.000364
568 0.000364
3392 0.000364
2331 0.000363
2424 0.000363
2476 0.000363
1959 0.000363
2816 0.000363
3146 0.000363
2991 0.000363
1776 0.000362
1509 0.000362
3916 0.000362
3419 0.000362
1894 0.000362
796 0.000362
402 0.000361
3808 0.000361
169 0.000361
1946 0.000361
2039 0.000361
2223 0.000361
756 0.000361
3106 0.000360
3812 0.000360
356 0.000360
3747 0.000360
1282 0.000360
2873 0.000360
2143 0.000360
2617 0.000359
1196 0.000359
2688 0.000358
2118 0.000358
346 0.000358
3247 0.000358
3693 0.000358
678 0.000357
1051 0.000357
2683 0.000357
609 0.000357
1966 0.000357
3339 0.000356
16 0.000356
957 0.000356
1892 0.000356
1917 0.000356
3886 0.000355
3117 0.000355
2059 0.000355
3516 0.000355
13 0.000354
3088 0.000354
3772 0.000354
576 0.000354
3712 0.000354
2567 0.000354
2866 0.000354
2203 0.000354
2969 0.000353
1267 0.000353
3469 0.000353
2037 0.000353
3947 0.000353
2597 0.000352
242 0.000352
1886 0.000352
2586 0.000352
44 0.000352
1836 0.000351
2096 0.000351
3864 0.000351
572 0.000351
2339 0.000351
3782 0.000351
1902 0.000351
227 0.000351
3832 0.000351
1547 0.000350
3876 0.000350
1807 0.000350
2601 0.000350
3512 0.000350
2338 0.000350
1273 0.000350
2804 0.000350
1564 0.000350
3632 0.000350
2201 0.000350
1116 0.000349
1544 0.000349
2843 0.000349
1962 0.000349
788 0.000348
2016 0.000348
1708 0.000348
3542 0.000348
461 0.000348
797 0.000348
96 0.000347
2718 0.000347
966 0.000347
141 0.000346
812 0.000346
2867 0.000346
3796 0.000346
1118 0.000345
1237 0.000345
2194 0.000345
1088 0.000345
1617 0.000345
1954 0.000345
2451 0.000345
2351 0.000344
2881 0.000344
619 0.000344
268 0.000344
1117 0.000344
3086 0.000344
3724 0.000344
2593 0.000344
2388 0.000344
653 0.000343
2414 0.000343
1798 0.000343
3297 0.000343
849 0.000342
2827 0.000342
1973 0.000342
2069 0.000342
156 0.000341
1371 0.000341
1129 0.000341
842 0.000341
1619 0.000341
2594 0.000341
2458 0.000340
2853 0.000340
2582 0.000340
2171 0.000340
1849 0.000340
3424 0.000340
3119 0.000340
1593 0.000340
1423 0.000340
2409 0.000339
1341 0.000339
641 0.000339
2288 0.000338
528 0.000338
2278 0.000338
1971 0.000338
2862 0.000337
2968 0.000337
2884 0.000337
2553 0.000337
1244 0.000337
3261 0.000337
3258 0.000336
389 0.000336
3376 0.000336
672 0.000336
1597 0.000336
2958 0.000336
901 0.000336
397 0.000336
3403 0.000336
1492 0.000335
2323 0.000335
3994 0.000335
1426 0.000335
3982 0.000335
903 0.000335
2456 0.000335
3833 0.000334
2326 0.000334
1109 0.000334
1166 0.000333
2043 0.000333
3164 0.000333
1008 0.000333
1149 0.000333
1809 0.000333
3951 0.000333
3011 0.000333
1339 0.000333
2093 0.000333
3097 0.000333
3999 0.000332
1563 0.000332
2381 0.000332
3794 0.000332
64 0.000332
3174 0.000332
1487 0.000331
3044 0.000331
3439 0.000331
3936 0.000331
2044 0.000331
2792 0.000331
2316 0.000331
1214 0.000331
2271 0.000331
2662 0.000331
1952 0.000330
1696 0.000330
2949 0.000330
1189 0.000330
2012 0.000329
3428 0.000329
3721 0.000329
1979 0.000329
3169 0.000329
3308 0.000329
2008 0.000329
1082 0.000329
2354 0.000329
2033 0.000328
2888 0.000328
1642 0.000328
1794 0.000328
2841 0.000328
2139 0.000328
1372 0.000328
1664 0.000328
2018 0.000328
1556 0.000328
808 0.000327
967 0.000327
1666 0.000327
3651 0.000327
3239 0.000326
1721 0.000326
3559 0.000326
1569 0.000325
2394 0.000325
3034 0.000325
704 0.000325
3744 0.000325
78 0.000325
218 0.000325
273 0.000325
306 0.000325
3831 0.000325
618 0.000324
3001 0.000324
2048 0.000324
852 0.000324
1691 0.000324
1908 0.000324
1152 0.000324
2537 0.000324
1956 0.000324
208 0.000324
1789 0.000324
112 0.000323
3352 0.000323
1364 0.000323
1334 0.000323
1291 0.000323
3381 0.000323
2528 0.000323
1333 0.000322
2204 0.000322
3572 0.000322
2824 0.000322
3098 0.000322
1099 0.000322
1248 0.000321
342 0.000321
766 0.000321
3292 0.000321
3089 0.000321
2752 0.000321
2911 0.000321
2482 0.000320
1378 0.000320
1924 0.000320
1951 0.000319
4002 0.000319
1601 0.000319
1258 0.000319
2698 0.000319
1019 0.000319
1533 0.000319
1409 0.000319
2736 0.000318
2231 0.000318
1842 0.000318
1413 0.000318
3816 0.000318
2317 0.000318
527 0.000318
972 0.000317
2042 0.000317
1268 0.000317
1164 0.000317
1473 0.000316
2989 0.000316
1122 0.000316
1549 0.000316
249 0.000316
2659 0.000316
2706 0.000316
2434 0.000316
2533 0.000315
4032 0.000315
1507 0.000315
3149 0.000315
1449 0.000314
62 0.000314
211 0.000314
1898 0.000314
3711 0.000314
3268 0.000314
1163 0.000314
3388 0.000313
228 0.000313
739 0.000313
2374 0.000313
1302 0.000313
2496 0.000313
3112 0.000313
1029 0.000312
1114 0.000312
1343 0.000312
2561 0.000312
3552 0.000312
2734 0.000312
3869 0.000312
3092 0.000312
2363 0.000311
1191 0.000311
111 0.000311
3599 0.000311
2548 0.000311
2666 0.000311
2246 0.000310
2584 0.000310
3118 0.000310
1484 0.000310
3822 0.000310
1208 0.000310
963 0.000310
531 0.000310
99 0.000309
1168 0.000309
3858 0.000309
2168 0.000309
1009 0.000309
2377 0.000309
2257 0.000309
2578 0.000308
2423 0.000308
2643 0.000308
2361 0.000308
2107 0.000308
941 0.000308
3688 0.000308
1131 0.000308
3287 0.000308
1137 0.000307
1011 0.000307
1454 0.000307
2632 0.000306
754 0.000306
3111 0.000306
2211 0.000306
1918 0.000306
2638 0.000306
3573 0.000306
2619 0.000306
978 0.000306
868 0.000305
1552 0.000305
2208 0.000305
2312 0.000305
1252 0.000305
394 0.000305
2568 0.000305
2572 0.000305
718 0.000305
1699 0.000304
14 0.000304
2273 0.000304
3436 0.000304
3826 0.000303
2001 0.000303
2549 0.000303
3588 0.000303
727 0.000303
3921 0.000303
3538 0.000303
2074 0.000303
3432 0.000302
3206 0.000302
1217 0.000301
2121 0.000301
216 0.000301
2852 0.000301
3526 0.000300
2808 0.000300
2452 0.000300
1257 0.000300
3518 0.000300
3861 0.000300
3992 0.000299
1427 0.000299
4031 0.000299
3422 0.000299
1623 0.000299
127 0.000299
1083 0.000299
1264 0.000299
197 0.000299
652 0.000298
953 0.000298
3609 0.000298
2559 0.000298
3928 0.000298
2342 0.000297
2154 0.000297
281 0.000297
2129 0.000297
164 0.000297
336 0.000297
198 0.000296
2788 0.000296
2551 0.000296
31 0.000296
2253 0.000296
1242 0.000296
226 0.000295
2763 0.000295
954 0.000295
334 0.000295
1003 0.000294
2026 0.000294
2692 0.000294
744 0.000294
1102 0.000294
3557 0.000294
2254 0.000293
1986 0.000293
806 0.000293
468 0.000293
1018 0.000293
3687 0.000293
3021 0.000292
3391 0.000292
3 0.000292
729 0.000292
2994 0.000292
3331 0.000292
2252 0.000292
1084 0.000291
1882 0.000291
149 0.000291
3647 0.000291
2689 0.000291
2322 0.000290
1541 0.000289
938 0.000289
2446 0.000289
3743 0.000289
1647 0.000289
2256 0.000289
3207 0.000289
3821 0.000289
2573 0.000289
2399 0.000288
687 0.000288
1243 0.000288
1494 0.000288
3779 0.000288
921 0.000288
2983 0.000287
1741 0.000286
1881 0.000286
1307 0.000286
832 0.000285
591 0.000285
214 0.000285
2999 0.000285
1939 0.000285
2433 0.000285
3862 0.000285
1751 0.000285
1529 0.000284
1929 0.000284
3753 0.000284
3486 0.000284
1021 0.000284
161 0.000284
523 0.000284
3704 0.000283
1634 0.000283
822 0.000283
2002 0.000283
1379 0.000283
2729 0.000282
648 0.000282
3293 0.000282
1792 0.000282
2914 0.000282
1996 0.000282
1511 0.000281
3386 0.000281
2524 0.000281
3698 0.000281
2378 0.000281
2501 0.000281
2704 0.000281
2134 0.000280
2447 0.000279
1476 0.000279
158 0.000279
2921 0.000279
1271 0.000279
2049 0.000279
3761 0.000278
2741 0.000278
2151 0.000278
2299 0.000278
448 0.000278
4021 0.000278
3511 0.000278
2371 0.000278
3433 0.000277
996 0.000277
1861 0.000277
1037 0.000277
1049 0.000276
889 0.000276
2654 0.000275
3713 0.000275
1279 0.000275
194 0.000275
3491 0.000275
1229 0.000275
3408 0.000274
3473 0.000274
2871 0.000274
1856 0.000273
2063 0.000273
1826 0.000273
1998 0.000272
892 0.000272
1303 0.000272
1919 0.000272
656 0.000272
833 0.000271
2191 0.000271
1643 0.000271
2438 0.000271
537 0.000270
3142 0.000270
981 0.000270
3073 0.000270
803 0.000270
3137 0.000270
1587 0.000269
3177 0.000269
982 0.000269
597 0.000269
677 0.000269
818 0.000269
3867 0.000269
977 0.000268
302 0.000268
793 0.000268
2773 0.000268
2751 0.000268
2931 0.000268
2397 0.000267
2646 0.000267
2952 0.000267
409 0.000267
3497 0.000267
2478 0.000267
3046 0.000266
3732 0.000266
3748 0.000266
3856 0.000266
2546 0.000266
1483 0.000266
2083 0.000266
692 0.000266
398 0.000266
2783 0.000266
1806 0.000265
2161 0.000265
2603 0.000265
479 0.000265
608 0.000264
624 0.000264
668 0.000264
2334 0.000264
288 0.000264
1862 0.000264
997 0.000264
2359 0.000264
1176 0.000264
1637 0.000263
2558 0.000263
193 0.000263
3718 0.000263
3079 0.000263
3667 0.000263
2417 0.000263
1997 0.000263
3478 0.000262
3438 0.000262
1841 0.000262
2122 0.000262
3443 0.000262
863 0.000262
463 0.000262
3719 0.000262
1181 0.000262
2006 0.000262
251 0.000261
2538 0.000261
2897 0.000261
2307 0.000261
223 0.000261
1276 0.000261
2589 0.000261
3587 0.000260
2974 0.000260
2521 0.000260
3759 0.000260
3837 0.000260
3927 0.000260
1609 0.000260
2401 0.000259
1 0.000259
758 0.000259
1357 0.000259
2539 0.000259
3707 0.000259
1226 0.000259
1174 0.000258
2386 0.000258
839 0.000258
3662 0.000258
1096 0.000257
2421 0.000257
337 0.000257
2109 0.000257
1289 0.000257
589 0.000257
2749 0.000257
3697 0.000257
1927 0.000257
1306 0.000256
2753 0.000256
3191 0.000256
2022 0.000256
2267 0.000256
1567 0.000256
3634 0.000256
3554 0.000256
2596 0.000256
3847 0.000255
2993 0.000255
2829 0.000255
1374 0.000254
3534 0.000254
439 0.000254
3513 0.000254
297 0.000254
2657 0.000254
1179 0.000254
902 0.000254
2343 0.000253
2101 0.000253
2086 0.000253
999 0.000253
437 0.000253
2207 0.000253
913 0.000252
3809 0.000252
3462 0.000251
3313 0.000251
3969 0.000251
2467 0.000251
3219 0.000251
3943 0.000251
1183 0.000251
3907 0.000250
434 0.000250
906 0.000250
1727 0.000250
3346 0.000250
3979 0.000250
2459 0.000250
2062 0.000249
847 0.000249
57 0.000249
1319 0.000249
2622 0.000249
817 0.000249
3341 0.000249
482 0.000248
1106 0.000248
734 0.000248
3757 0.000247
3774 0.000247
3957 0.000247
1359 0.000247
557 0.000247
3874 0.000247
893 0.000247
1539 0.000247
2717 0.000247
266 0.000247
399 0.000246
441 0.000246
501 0.000246
867 0.000246
2933 0.000246
299 0.000245
1819 0.000245
2469 0.000245
1198 0.000245
511 0.000245
1327 0.000244
3527 0.000244
2823 0.000244
1582 0.000244
3471 0.000244
487 0.000244
3601 0.000244
367 0.000244
3739 0.000244
238 0.000243
133 0.000243
878 0.000243
2259 0.000243
3917 0.000243
683 0.000243
547 0.000243
17 0.000242
3102 0.000242
134 0.000242
4038 0.000242
1043 0.000241
387 0.000241
1889 0.000241
814 0.000241
1209 0.000241
789 0.000240
1493 0.000240
669 0.000240
1314 0.000240
1737 0.000240
1747 0.000240
303 0.000240
1991 0.000240
3482 0.000239
3706 0.000239
1866 0.000239
2031 0.000239
1177 0.000239
861 0.000239
101 0.000238
1113 0.000238
2806 0.000238
241 0.000238
3643 0.000238
1803 0.000238
807 0.000237
1274 0.000237
2202 0.000237
3967 0.000237
2261 0.000237
2861 0.000237
1694 0.000237
2962 0.000236
1382 0.000236
3081 0.000236
1859 0.000236
714 0.000236
3301 0.000236
3714 0.000235
1758 0.000235
934 0.000235
2411 0.000235
1659 0.000235
3114 0.000235
2009 0.000235
2653 0.000234
1753 0.000234
1197 0.000234
3519 0.000234
3579 0.000234
1653 0.000234
1349 0.000234
254 0.000233
583 0.000233
1421 0.000233
3047 0.000233
1207 0.000233
3029 0.000232
2681 0.000232
2023 0.000232
1001 0.000232
1923 0.000232
3178 0.000232
2929 0.000232
3279 0.000231
2711 0.000231
159 0.000231
603 0.000231
1686 0.000231
1523 0.000231
3499 0.000231
1429 0.000230
1138 0.000230
2743 0.000230
2623 0.000230
2506 0.000229
3271 0.000229
838 0.000229
201 0.000229
2027 0.000229
731 0.000229
707 0.000229
777 0.000229
3377 0.000229
1246 0.000228
3549 0.000228
3259 0.000228
462 0.000228
3626 0.000227
1677 0.000227
2159 0.000227
2226 0.000226
2077 0.000226
2157 0.000226
94 0.000226
3141 0.000226
3221 0.000225
2418 0.000225
1706 0.000225
614 0.000225
3066 0.000225
3866 0.000224
909 0.000224
3569 0.000224
2237 0.000223
331 0.000223
623 0.000223
1667 0.000223
1299 0.000223
2046 0.000223
3458 0.000222
643 0.000222
661 0.000222
958 0.000222
738 0.000222
2091 0.000222
1309 0.000222
782 0.000222
2739 0.000221
2583 0.000221
809 0.000221
2631 0.000221
2647 0.000220
1062 0.000220
2771 0.000220
2673 0.000220
2173 0.000220
857 0.000220
1074 0.000220
1369 0.000219
742 0.000219
3431 0.000219
1026 0.000218
874 0.000218
3571 0.000218
2329 0.000218
1318 0.000218
1873 0.000217
546 0.000217
1878 0.000217
3683 0.000217
1953 0.000216
494 0.000216
3578 0.000216
666 0.000216
3931 0.000215
231 0.000215
3062 0.000215
3273 0.000215
3909 0.000215
2349 0.000215
2813 0.000215
611 0.000215
3642 0.000215
3623 0.000214
1139 0.000214
3567 0.000214
3251 0.000214
3181 0.000214
3131 0.000214
4014 0.000213
3018 0.000213
1673 0.000213
3803 0.000213
3057 0.000213
3517 0.000213
1629 0.000213
2098 0.000213
778 0.000213
2693 0.000213
1169 0.000213
1453 0.000212
2306 0.000212
3463 0.000212
1534 0.000212
2341 0.000212
1337 0.000212
2222 0.000212
2579 0.000212
1402 0.000212
1543 0.000211
3014 0.000211
473 0.000211
3726 0.000211
2918 0.000211
1681 0.000211
1931 0.000211
3618 0.000210
1121 0.000210
771 0.000210
2494 0.000210
1281 0.000210
1499 0.000210
2489 0.000210
2429 0.000209
681 0.000209
3203 0.000209
1847 0.000209
59 0.000209
3474 0.000209
1897 0.000209
3171 0.000208
1123 0.000208
2486 0.000208
1914 0.000208
3509 0.000208
7 0.000208
3903 0.000208
93 0.000208
779 0.000207
167 0.000206
3658 0.000206
481 0.000206
1749 0.000206
1903 0.000206
3319 0.000205
2563 0.000205
983 0.000205
2803 0.000205
3563 0.000205
1433 0.000205
3129 0.000204
3257 0.000204
1313 0.000204
2061 0.000204
898 0.000203
1738 0.000203
3158 0.000203
2477 0.000203
3786 0.000203
2713 0.000203
599 0.000203
662 0.000203
1671 0.000203
3306 0.000202
1571 0.000202
2874 0.000202
263 0.000202
1538 0.000202
1754 0.000202
927 0.000202
2513 0.000202
3541 0.000202
2426 0.000202
2243 0.000202
578 0.000201
627 0.000201
658 0.000201
659 0.000201
3657 0.000201
2499 0.000201
1766 0.000201
3819 0.000201
3547 0.000200
1639 0.000200
3379 0.000200
173 0.000200
897 0.000199
1283 0.000199
1767 0.000199
2686 0.000199
369 0.000199
3493 0.000198
1438 0.000198
2819 0.000198
1722 0.000197
753 0.000197
3598 0.000197
2497 0.000197
3817 0.000197
2462 0.000197
769 0.000196
701 0.000196
3997 0.000196
3303 0.000195
393 0.000195
1614 0.000195
1351 0.000195
3329 0.000194
2997 0.000194
2391 0.000194
2473 0.000193
3489 0.000193
1287 0.000193
2633 0.000193
1061 0.000193
2089 0.000193
989 0.000193
741 0.000193
2214 0.000193
1638 0.000192
1994 0.000192
1054 0.000192
1514 0.000192
2213 0.000192
1363 0.000192
2639 0.000192
711 0.000191
2797 0.000191
1778 0.000191
633 0.000190
2367 0.000190
3741 0.000190
1446 0.000190
1981 0.000190
3223 0.000190
1921 0.000189
1682 0.000189
763 0.000189
2574 0.000189
1323 0.000189
2198 0.000189
2667 0.000189
949 0.000189
2179 0.000188
2887 0.000188
453 0.000188
3337 0.000188
2406 0.000187
2146 0.000187
887 0.000187
873 0.000187
3459 0.000187
187 0.000187
2242 0.000187
3546 0.000187
3402 0.000187
3701 0.000186
3262 0.000186
3602 0.000186
1182 0.000186
3818 0.000186
3778 0.000186
969 0.000186
3211 0.000186
2701 0.000186
3929 0.000185
3823 0.000185
1311 0.000185
3041 0.000185
471 0.000185
3661 0.000185
539 0.000185
2366 0.000184
177 0.000184
882 0.000184
1726 0.000184
1457 0.000184
798 0.000184
174 0.000184
143 0.000184
3498 0.000184
3561 0.000183
413 0.000183
1877 0.000183
1743 0.000183
2614 0.000182
2581 0.000182
3783 0.000182
1167 0.000182
1863 0.000182
2011 0.000182
3881 0.000182
2029 0.000182
3231 0.000181
309 0.000181
3234 0.000181
2702 0.000181
767 0.000181
1578 0.000181
886 0.000180
2591 0.000180
3238 0.000180
2003 0.000180
3023 0.000179
783 0.000179
971 0.000179
1818 0.000179
3766 0.000179
1254 0.000179
3646 0.000179
682 0.000179
1098 0.000178
622 0.000178
123 0.000178
2858 0.000178
2618 0.000177
1553 0.000177
2697 0.000177
709 0.000177
598 0.000176
3762 0.000176
66 0.000176
746 0.000176
2846 0.000176
647 0.000176
3483 0.000175
1142 0.000175
1171 0.000175
2818 0.000175
2058 0.000175
2663 0.000175
3627 0.000174
943 0.000174
2886 0.000174
3166 0.000174
2627 0.000174
1782 0.000174
3937 0.000174
2293 0.000174
1674 0.000174
427 0.000174
626 0.000173
1218 0.000173
2934 0.000173
1542 0.000172
3533 0.000172
2733 0.000172
3659 0.000172
693 0.000172
2221 0.000172
2953 0.000172
3802 0.000172
3063 0.000172
2554 0.000172
1249 0.000171
354 0.000171
577 0.000171
3138 0.000171
1999 0.000171
1957 0.000171
1478 0.000170
2831 0.000170
1047 0.000170
1858 0.000170
2318 0.000170
2577 0.000170
418 0.000169
421 0.000169
2 0.000169
2854 0.000169
1911 0.000169
1891 0.000169
359 0.000169
1649 0.000168
3901 0.000168
3213 0.000168
3394 0.000168
2779 0.000168
489 0.000167
1437 0.000167
3007 0.000167
1763 0.000167
1497 0.000167
3682 0.000167
4009 0.000167
1719 0.000167
2762 0.000166
1811 0.000166
2658 0.000166
2637 0.000166
157 0.000166
457 0.000166
601 0.000166
2097 0.000165
3622 0.000165
3889 0.000165
451 0.000164
3993 0.000164
1223 0.000164
3539 0.000164
3393 0.000163
1081 0.000163
1781 0.000163
3322 0.000163
3126 0.000163
1141 0.000163
1906 0.000163
469 0.000163
837 0.000163
3237 0.000163
1907 0.000162
1201 0.000162
1127 0.000162
1187 0.000162
1111 0.000162
1406 0.000162
2034 0.000161
151 0.000161
3849 0.000161
2547 0.000161
979 0.000161
1606 0.000161
2938 0.000161
2297 0.000161
257 0.000161
3186 0.000161
1774 0.000161
3399 0.000161
519 0.000161
2407 0.000161
3986 0.000160
582 0.000160
3763 0.000160
2761 0.000160
2979 0.000159
2626 0.000159
2609 0.000159
1566 0.000159
2402 0.000159
2353 0.000158
2518 0.000158
994 0.000158
283 0.000158
2209 0.000158
2474 0.000158
2337 0.000158
2082 0.000158
1963 0.000158
1702 0.000158
3318 0.000157
799 0.000157
3289 0.000157
4013 0.000157
2977 0.000157
357 0.000157
178 0.000156
3679 0.000156
258 0.000156
361 0.000156
3421 0.000156
937 0.000156
543 0.000155
2682 0.000155
3013 0.000155
29 0.000155
3827 0.000155
2057 0.000155
3857 0.000155
1989 0.000154
3614 0.000154
1657 0.000154
3374 0.000154
2737 0.000154
2387 0.000154
139 0.000154
3769 0.000153
1734 0.000153
2902 0.000153
3139 0.000153
2479 0.000152
639 0.000152
3157 0.000152
1393 0.000152
1219 0.000152
1403 0.000151
3083 0.000151
1186 0.000151
1317 0.000151
3897 0.000151
2587 0.000151
791 0.000151
2703 0.000151
2978 0.000150
2822 0.000150
826 0.000150
554 0.000150
962 0.000149
689 0.000149
3522 0.000149
3193 0.000149
3607 0.000149
518 0.000149
3103 0.000149
959 0.000149
3343 0.000149
3242 0.000148
1089 0.000148
3591 0.000148
162 0.000148
706 0.000148
1087 0.000147
1451 0.000147
102 0.000147
2181 0.000147
3069 0.000147
314 0.000147
3309 0.000147
2957 0.000147
1213 0.000147
3487 0.000147
3949 0.000147
3898 0.000147
2789 0.000147
3717 0.000147
631 0.000146
3981 0.000146
722 0.000146
3502 0.000146
3574 0.000146
217 0.000145
1698 0.000145
3123 0.000145
2286 0.000145
2606 0.000145
2859 0.000144
2851 0.000144
3359 0.000144
3913 0.000144
3694 0.000144
3454 0.000144
498 0.000144
919 0.000144
2379 0.000143
3053 0.000143
1503 0.000143
551 0.000143
467 0.000143
2287 0.000143
1531 0.000143
1513 0.000143
2759 0.000142
558 0.000142
2346 0.000142
1519 0.000142
2562 0.000142
2889 0.000142
3382 0.000142
351 0.000142
2437 0.000142
298 0.000142
1278 0.000142
458 0.000142
1909 0.000142
1633 0.000141
2959 0.000141
3373 0.000141
2017 0.000141
474 0.000141
3777 0.000140
3383 0.000140
1942 0.000140
2114 0.000140
2731 0.000140
1033 0.000139
2137 0.000139
1958 0.000139
3703 0.000139
574 0.000139
1723 0.000139
2529 0.000139
1527 0.000139
1293 0.000139
1398 0.000138
4026 0.000138
22 0.000138
1418 0.000138
2439 0.000137
786 0.000137
1441 0.000137
3631 0.000137
3773 0.000137
2106 0.000137
1679 0.000137
2807 0.000136
1829 0.000136
2274 0.000136
3283 0.000136
3621 0.000136
3241 0.000136
3669 0.000136
3813 0.000136
3911 0.000136
1526 0.000135
3407 0.000135
3423 0.000135
486 0.000135
831 0.000135
2791 0.000135
3209 0.000135
3286 0.000134
2879 0.000134
3167 0.000134
1381 0.000134
3037 0.000134
2691 0.000134
1234 0.000134
2502 0.000133
3199 0.000133
3314 0.000133
1537 0.000133
843 0.000133
3173 0.000133
2314 0.000133
821 0.000132
2373 0.000132
3093 0.000132
737 0.000132
1779 0.000132
3742 0.000132
73 0.000132
2566 0.000132
3663 0.000132
1002 0.000132
2239 0.000131
3863 0.000131
2534 0.000131
1481 0.000131
2119 0.000130
2967 0.000130
103 0.000130
2193 0.000130
278 0.000130
341 0.000130
407 0.000129
3294 0.000129
2466 0.000129
3503 0.000129
4019 0.000129
411 0.000129
3039 0.000129
2677 0.000128
1458 0.000128
951 0.000128
2907 0.000128
3479 0.000128
3562 0.000128
3613 0.000128
3649 0.000128
3883 0.000128
939 0.000127
2389 0.000127
1422 0.000127
3349 0.000127
1247 0.000127
318 0.000127
509 0.000127
717 0.000127
1739 0.000127
3243 0.000127
3307 0.000127
1922 0.000127
446 0.000127
1053 0.000126
1869 0.000126
2893 0.000126
274 0.000126
933 0.000125
3551 0.000125
403 0.000125
1851 0.000125
3009 0.000124
2571 0.000124
2923 0.000124
189 0.000124
1978 0.000123
426 0.000123
2987 0.000123
3043 0.000123
3058 0.000123
1407 0.000123
3409 0.000123
3361 0.000123
1241 0.000123
3189 0.000123
2898 0.000123
2947 0.000123
333 0.000122
702 0.000122
2291 0.000122
3061 0.000122
3427 0.000122
3338 0.000122
3278 0.000122
1042 0.000122
1286 0.000122
2041 0.000122
2926 0.000122
2217 0.000122
2449 0.000121
106 0.000121
3446 0.000121
759 0.000121
2147 0.000121
2687 0.000120
1626 0.000120
634 0.000120
381 0.000120
3723 0.000120
1934 0.000120
2519 0.000120
3603 0.000120
811 0.000120
3481 0.000120
3523 0.000120
3099 0.000119
961 0.000119
3246 0.000119
723 0.000119
1773 0.000119
3326 0.000118
3878 0.000118
2362 0.000118
2809 0.000118
2954 0.000118
2141 0.000118
1389 0.000118
2197 0.000117
126 0.000117
3767 0.000117
2503 0.000117
2523 0.000117
1846 0.000117
87 0.000116
1814 0.000116
3814 0.000116
2847 0.000115
1562 0.000115
2981 0.000115
1434 0.000115
51 0.000115
83 0.000115
237 0.000115
3973 0.000115
1641 0.000115
3666 0.000115
2067 0.000115
2982 0.000115
522 0.000115
541 0.000114
1987 0.000114
2891 0.000114
3871 0.000114
2726 0.000114
3042 0.000113
2878 0.000113
2113 0.000112
3583 0.000112
3222 0.000112
2707 0.000112
3401 0.000112
3641 0.000112
521 0.000112
3249 0.000112
2403 0.000112
2882 0.000112
3414 0.000112
813 0.000112
3151 0.000112
3133 0.000111
1607 0.000111
4018 0.000111
1561 0.000111
1801 0.000111
79 0.000111
2699 0.000111
2393 0.000111
2443 0.000111
3581 0.000111
663 0.000110
794 0.000110
762 0.000110
1073 0.000109
1901 0.000109
1489 0.000109
1802 0.000109
1477 0.000109
2277 0.000109
1251 0.000107
2234 0.000107
38 0.000107
931 0.000107
1822 0.000107
733 0.000107
533 0.000107
3839 0.000107
3654 0.000106
2051 0.000106
246 0.000106
3914 0.000106
621 0.000105
2727 0.000105
751 0.000105
3067 0.000105
3531 0.000105
54 0.000105
2357 0.000104
3371 0.000104
3639 0.000104
3919 0.000104
3671 0.000104
311 0.000104
1843 0.000104
869 0.000103
3121 0.000103
429 0.000103
2163 0.000103
3357 0.000102
569 0.000102
3109 0.000102
3441 0.000102
2557 0.000102
3091 0.000102
2721 0.000102
2671 0.000102
362 0.000102
3153 0.000101
721 0.000101
39 0.000101
1419 0.000100
3418 0.000100
877 0.000100
131 0.000100
1658 0.000100
1599 0.000099
2258 0.000099
986 0.000099
1397 0.000099
3566 0.000099
3834 0.000099
3893 0.000099
2531 0.000098
3229 0.000098
3197 0.000098
433 0.000098
3899 0.000098
2747 0.000098
1161 0.000098
1266 0.000098
1618 0.000097
2903 0.000097
3194 0.000097
1294 0.000097
594 0.000097
679 0.000097
2162 0.000097
3681 0.000097
2883 0.000096
549 0.000095
1077 0.000095
1769 0.000095
3358 0.000095
3254 0.000095
3354 0.000095
3218 0.000095
3122 0.000095
3787 0.000095
1093 0.000095
974 0.000095
2941 0.000095
3989 0.000095
1517 0.000094
1982 0.000094
146 0.000094
2311 0.000094
347 0.000094
3699 0.000094
802 0.000093
3678 0.000093
222 0.000093
2263 0.000092
2301 0.000092
3266 0.000092
3934 0.000092
761 0.000092
1977 0.000092
3537 0.000092
129 0.000091
1178 0.000091
121 0.000091
914 0.000091
3789 0.000091
2281 0.000090
2487 0.000090
3727 0.000090
1949 0.000090
1678 0.000090
1443 0.000090
477 0.000089
691 0.000089
3398 0.000089
1057 0.000088
646 0.000088
3594 0.000088
3941 0.000088
69 0.000088
3543 0.000088
478 0.000087
2634 0.000087
1039 0.000087
3894 0.000087
2621 0.000087
2942 0.000086
3163 0.000086
991 0.000086
3923 0.000086
2917 0.000085
58 0.000085
3227 0.000085
61 0.000085
2303 0.000085
1321 0.000084
1202 0.000084
459 0.000084
3447 0.000084
1094 0.000084
922 0.000084
2427 0.000084
1518 0.000084
3311 0.000083
1387 0.000083
502 0.000083
3507 0.000083
2321 0.000083
3754 0.000083
2186 0.000083
2746 0.000082
491 0.000082
2678 0.000081
2249 0.000081
3961 0.000081
1401 0.000081
3389 0.000081
1913 0.000081
973 0.000081
3461 0.000081
2794 0.000080
3457 0.000080
442 0.000080
2019 0.000080
406 0.000080
3606 0.000080
449 0.000079
529 0.000079
2413 0.000079
534 0.000079
338 0.000078
2709 0.000078
454 0.000078
317 0.000078
2383 0.000078
2834 0.000077
3806 0.000077
1069 0.000077
1162 0.000077
3771 0.000077
466 0.000077
3477 0.000076
2723 0.000076
2961 0.000076
1821 0.000076
1091 0.000076
2801 0.000076
2799 0.000076
1143 0.000075
1058 0.000075
3958 0.000075
1193 0.000074
871 0.000074
1007 0.000074
1731 0.000074
2251 0.000074
1646 0.000074
293 0.000074
2099 0.000073
2431 0.000073
499 0.000073
657 0.000072
2158 0.000072
3963 0.000072
1013 0.000072
1063 0.000072
1933 0.000071
2453 0.000070
2021 0.000070
1342 0.000069
587 0.000069
3334 0.000069
881 0.000069
3977 0.000069
879 0.000069
289 0.000069
3843 0.000069
3281 0.000068
3751 0.000068
3749 0.000068
3202 0.000066
3859 0.000066
3954 0.000066
4006 0.000066
1506 0.000065
1887 0.000065
386 0.000065
3637 0.000064
382 0.000064
2826 0.000064
2013 0.000064
2837 0.000064
2182 0.000063
349 0.000063
2298 0.000063
2766 0.000063
2613 0.000063
1203 0.000063
1439 0.000062
2899 0.000062
1853 0.000062
3367 0.000062
1154 0.000061
3887 0.000060
1883 0.000060
2177 0.000060
4003 0.000060
926 0.000059
27 0.000059
1713 0.000059
2227 0.000059
629 0.000059
3333 0.000059
229 0.000059
2641 0.000059
1297 0.000058
1771 0.000058
1759 0.000058
1817 0.000057
1301 0.000057
866 0.000057
3161 0.000057
86 0.000057
1023 0.000056
2802 0.000056
63 0.000056
1602 0.000055
1838 0.000055
2821 0.000055
1874 0.000055
1594 0.000054
3673 0.000054
34 0.000054
923 0.000053
846 0.000053
3582 0.000053
4011 0.000053
3589 0.000052
379 0.000052
2238 0.000052
649 0.000052
907 0.000052
46 0.000052
3159 0.000051
1961 0.000051
2811 0.000051
3882 0.000051
1486 0.000051
3922 0.000050
2769 0.000050
3983 0.000050
3939 0.000049
586 0.000049
2481 0.000049
166 0.000049
1134 0.000049
221 0.000049
89 0.000049
319 0.000049
2599 0.000049
673 0.000049
2454 0.000048
1631 0.000048
3003 0.000048
2838 0.000048
2014 0.000048
1414 0.000048
2262 0.000047
3597 0.000047
2922 0.000046
1501 0.000046
2514 0.000046
2522 0.000046
3733 0.000046
858 0.000046
77 0.000045
3653 0.000045
1354 0.000045
894 0.000045
2178 0.000045
743 0.000044
3323 0.000044
1697 0.000044
2094 0.000044
4037 0.000044
443 0.000044
854 0.000044
3429 0.000043
202 0.000043
2066 0.000043
2422 0.000043
987 0.000043
163 0.000042
371 0.000042
851 0.000042
3269 0.000042
562 0.000042
3991 0.000042
1194 0.000042
671 0.000041
3217 0.000041
593 0.000041
2767 0.000040
1777 0.000040
269 0.000039
2382 0.000039
2541 0.000039
3811 0.000039
1701 0.000039
3689 0.000038
3094 0.000038
3781 0.000038
3946 0.000038
571 0.000038
757 0.000037
3953 0.000037
1103 0.000036
1463 0.000036
1974 0.000035
667 0.000035
3854 0.000035
3879 0.000035
1546 0.000034
2963 0.000034
1147 0.000034
3317 0.000034
998 0.000034
2167 0.000034
2166 0.000033
262 0.000033
2651 0.000033
2441 0.000032
267 0.000032
2971 0.000032
1461 0.000032
1937 0.000032
401 0.000031
699 0.000031
117 0.000031
3686 0.000030
1654 0.000030
1263 0.000030
3942 0.000030
2998 0.000030
301 0.000030
2517 0.000030
1411 0.000029
383 0.000029
1038 0.000029
2358 0.000029
3801 0.000029
3978 0.000029
3127 0.000028
3074 0.000028
2774 0.000028
3467 0.000028
3959 0.000028
1417 0.000028
3494 0.000028
3746 0.000028
3846 0.000028
929 0.000027
3807 0.000027
1346 0.000027
749 0.000026
1031 0.000026
207 0.000025
3134 0.000025
1521 0.000025
2714 0.000025
2219 0.000025
1022 0.000025
3059 0.000025
138 0.000025
219 0.000025
581 0.000025
642 0.000025
1498 0.000024
1362 0.000024
1442 0.000024
1133 0.000024
1151 0.000024
3147 0.000023
2817 0.000023
1239 0.000023
859 0.000023
883 0.000023
891 0.000023
279 0.000023
1253 0.000022
1071 0.000022
3282 0.000022
1586 0.000022
1046 0.000022
206 0.000022
1233 0.000021
2493 0.000021
4033 0.000021
377 0.000021
6 0.000021
147 0.000021
1579 0.000021
4034 0.000021
294 0.000021
1797 0.000021
1157 0.000021
2798 0.000020
3143 0.000020
1711 0.000019
3413 0.000018
321 0.000018
1762 0.000018
1034 0.000018
1383 0.000017
2814 0.000017
3451 0.000017
3453 0.000017
3619 0.000017
3691 0.000017
3709 0.000017
3729 0.000017
3798 0.000017
3853 0.000017
3974 0.000017
801 0.000016
841 0.000016
1326 0.000016
3006 0.000016
2722 0.000016
899 0.000015
1353 0.000015
602 0.000015
607 0.000015
613 0.000015
638 0.000015
674 0.000015
191 0.000014
2527 0.000014
1474 0.000014
183 0.000014
1967 0.000014
358 0.000014
447 0.000014
327 0.000013
1627 0.000013
1027 0.000013
1969 0.000012
47 0.000012
1651 0.000012
81 0.000012
234 0.000011
247 0.000011
1854 0.000011
2442 0.000010
2842 0.000010
2857 0.000010
3031 0.000010
3071 0.000010
3183 0.000010
2483 0.000010
911 0.000008
918 0.000008
1119 0.000008
1206 0.000008
1262 0.000008
1386 0.000008
1394 0.000008
1466 0.000008
1558 0.000008
1581 0.000008
1693 0.000008
1834 0.000008
2079 0.000006
2269 0.000006
2457 0.000006
2569 0.000006
286 0.000005
154 0.000004
33 0.000000
42 0.000000
71 0.000000
307 0.000000
97 0.000000
182 0.000000
253 0.000000
4001 0.000000
4029 0.000000
